station lon lat east_vel north_vel up_vel
000843 134.04954669711648 35.174887007614544 1.2231437683105468 0.26686787605285645 0.0009283420000031128
010844 140.81054264588744 40.83440299266197 2.1127035140991213 -1.3009806632995606 0.00022421720000025401
010845 140.32440608399125 37.36182224068101 6.671695327758789 -0.33358473777770997 -0.0007175399999994169
020847 137.86876359234756 35.160451182707114 0.6671695709228516 1.0229933261871338 -0.0010834079999995083
020888 140.01177806424934 42.68533493428772 0.6671695709228516 -0.30022640228271485 -0.0002066513999999131
020892 140.92933456661015 41.74058994678514 0.7783645629882813 -0.37806272506713867 0.0003402750000006449
020893 140.53502856530255 41.711322961702635 0.2223897933959961 -0.5003771781921387 0.0004036341999999138
020894 141.09446916897068 41.46615755880059 1.0007547378540038 -0.5337355613708497 -0.0003460845999995854
020895 140.9838166604259 41.1996606883443 1.5567289352416993 -0.6004526138305664 -0.00013581629999990242
020896 141.38569568798167 41.16093098675579 1.3343391418457031 -1.0007543563842773 0.00034146880000065496
020897 140.2935326695265 41.12172020619298 2.1127037048339843 -0.989634895324707 -0.0002510817999990422
020898 140.01100015308137 40.73062983076556 2.8910680770874024 -1.0785907745361327 -0.00032340199999936203
020899 141.10602877244762 40.57997601632229 2.335093688964844 -1.667923927307129 -0.0005024460000015551
020901 141.33200066746113 40.50875371270484 3.0022632598876955 -1.9236722946166993 -0.0006935280000021748
020902 140.941597776802 40.44762753820635 3.4470428466796874 -2.6019612312316895 0.0010047540000016398
020903 141.48487258904467 40.271036318254545 3.224652862548828 -2.9466654777526857 -0.0013443150000000514
020904 141.0464660298588 40.10673961584258 4.447797012329102 -5.003771686553955 0.0010097369999982676
020905 141.66219077264347 39.97094932499905 5.337356376647949 -2.85770959854126 -0.00011275499999783279
020906 141.97022679087073 39.73895764852843 7.783644676208496 -1.6568044662475585 -0.00044292020000042954
020907 141.42614790728115 39.63935935269238 7.227670288085937 -3.602715587615967 0.0012660699999969439
020908 140.836336163078 39.55444785697545 6.338110733032226 -3.869583511352539 0.0009171600000001945
020909 141.29302353560774 39.4646829818207 8.006034660339356 -3.1245774269104003 0.0011134889999993903
020910 141.31169991542856 39.23536375504552 9.00678882598877 -3.169055366516113 0.0006457909999994626
020911 141.40088691687677 39.01209543697207 8.339619445800782 -3.046741008758545 -0.00038266100000043933
020912 141.14855297797922 38.9954528943302 8.673204231262208 -2.879948616027832 0.0007735510000003387
020913 140.83321097745167 38.93402150788125 8.784399032592773 -3.046741008758545 -0.0010558930000001965
020914 141.31790036285625 38.74320849098058 9.00678882598877 -2.6130807876586912 0.0008582138999997824
020915 141.00436605264827 38.68612563675114 8.784399032592773 -2.980023956298828 0.001688611000000151
020916 141.1607545217336 38.66061947757262 9.006789207458496 -2.824351119995117 0.0024236416999997346
020917 140.72774933355765 38.57180434939306 7.450060081481934 -1.990389108657837 -0.0002979949999996734
020918 141.30443631064907 38.509832591649946 8.339619636535645 -2.8465901374816895 0.0020178461000000423
020919 140.94370151702577 38.17711654997792 8.673204231262208 -1.2787415981292725 0.0014987529999999083
020920 140.7276895615747 37.824596391646836 7.116475296020508 -0.8673203945159912 0.00046297600000002606
020921 140.02757345303453 40.3393920822745 4.114211845397949 -1.3454586029052735 -0.0002255029000004072
020922 140.40816140262243 40.18331152003463 4.2254070281982425 -2.3017349243164062 0.002157357400000137
020923 140.00550499634315 40.09969507577815 4.670186996459961 -1.4344145774841308 0.00025476749999953086
020924 140.53586783486497 39.92138516833659 5.893331146240234 -2.2572569847106934 0.002854107000001704
020925 140.05394036233525 39.527559355746035 6.671695709228516 -1.7012824058532714 -0.0006959297999998171
020926 140.59610483033467 39.508130205804264 7.6724498748779295 -2.5797224044799805 -0.0012790850000001797
020927 140.27893044686857 39.296742959591136 7.45006046295166 -2.1127036094665526 0.0006955590000018219
020928 140.71507140863415 39.14619384458813 8.673204231262208 -2.6464391708374024 -0.0023700309999981073
020929 140.44735378327923 39.05437360530982 8.339619636535645 -2.0904645919799805 -0.001111538000000678
020930 140.18349245055188 38.93809718984308 7.894839859008789 -1.5344900131225585 -0.0012990260000009357
020931 140.49728358226116 38.75214989751336 8.56200942993164 -1.5567289352416993 -0.00022062200000050325
020932 139.6745411643732 38.70116323916739 6.671695899963379 -0.978515338897705 -0.0003864124999999774
020933 140.22052637901479 38.628409429715646 6.671695709228516 -0.8562009811401368 0.0022695020000014663
020934 140.39390438334695 38.17043605715577 7.5612548828125 -0.8895593643188476 0.0011561940000092362
020935 139.8794228458227 37.92058294740891 6.22691593170166 -0.04447803497314453 -0.002275006000002122
020936 140.44681586473124 37.8334931748766 7.1164751052856445 -0.14455342292785645 0.00374228599999924
020937 139.9726774483367 37.66928697301877 6.115721130371094 0.34470429420471194 -0.0016537840000012238
020938 140.57166929689876 37.59108846524904 6.782890319824219 -0.16679234504699708 0.000508554999998978
020939 139.8355374368561 37.46128825263906 5.782136344909668 0.5559745311737061 0.00044343099999650805
020940 140.46404938686575 37.44487001847342 5.4485515594482425 0.13343396186828613 -0.0008453400000007604
020941 139.68635800080443 37.326209646316805 4.89257698059082 0.1667924404144287 -0.0007399009999971895
020942 140.2127611685047 37.29304023582061 5.448551750183105 0.20015087127685546 0.0007201169999973445
020943 140.4509871257827 37.21056099347445 5.559746360778808 -0.04447789192199707 0.0010549400000002152
020944 140.71601578303776 37.18308939311066 5.11496639251709 -0.533735704421997 0.00011615099999744416
020945 140.37628412990958 37.02357970025889 5.559746360778808 -0.2891068458557129 0.0006309990000033849
020946 140.69016571181874 36.93261899710798 5.114966773986817 -0.6338110446929932 0.0009675889999982701
020947 140.38570168452387 36.47584888425995 2.2238988876342773 -0.23350934982299804 0.000342295300001183
020948 140.03542223584734 37.12469900934291 5.114966583251953 -0.15567288398742676 0.00046121899999889137
020949 139.50532352522865 36.87224696812643 4.447796821594238 0.6226916790008545 -0.00023346000000401546
020950 139.75279816592214 36.53763259962571 3.0022628784179686 0.6671694755554199 -0.0007820070000008172
020951 139.90251560337336 36.45657996837992 3.224652862548828 0.13343391418457032 -0.0007054049999993594
020952 139.06085981723922 36.837354842563855 5.559746170043946 0.4781382083892822 0.0037634180000054585
020954 138.84789739225437 36.59137705874997 3.5582374572753905 0.8895594120025635 -0.0004614239999966685
020955 139.01671629568517 36.39534665083554 3.3358476638793944 1.0341127872467042 0.0009586909999995896
020956 139.25464504928837 36.26769135491819 3.1134580612182616 0.4447797775268555 0.0011574801999998385
020957 138.7029885986392 36.20026628195779 3.0022628784179686 0.8673203945159912 0.00042444599999953426
020958 138.92605681558263 35.9299280564337 2.335093307495117 0.4114212989807129 -0.001164529999982733
020959 139.9684715279151 35.143802900109996 1.5567291259765625 -0.11119494438171387 -0.0005185470000000691
020960 139.36606596664456 35.39148818038643 1.667923927307129 0.6004526615142822 0.0006597741000000212
020961 139.11145804410054 37.540340987651646 3.558237838745117 -0.17791190147399902 0.003084557999997628
020962 138.634606577154 37.212113043028594 4.336602020263672 0.26686782836914064 0.0020092550000015306
020963 139.24711726453953 37.15761546215476 5.114966773986817 0.45589914321899416 0.002204109000001608
020964 138.45736658360335 37.107084558494115 1.3343389511108399 -0.6671696186065674 -0.0032107359999997698
020965 140.29649976216416 36.77895491541068 2.3350934982299805 -1.6568043231964111 -0.0009421889999998712
020966 137.0264367980763 36.91950782688851 2.44628849029541 0.08895597457885743 0.0016134828000005542
020967 137.55133120322455 36.86434439697655 3.224652862548828 0.31134586334228515 -0.0012908189999990328
020968 137.15447804930358 36.75795041767848 2.2238988876342773 0.17791194915771485 0.00043648879999977905
020969 136.80640646930226 36.59209049371644 2.1127035140991213 0.567094087600708 0.0010439629999979161
020970 137.2392279135131 36.4727997717422 1.1119495391845704 1.3121001243591308 -0.0012335280000002058
020971 137.03394466203315 37.43225773051212 2.8910680770874024 0.011119461059570313 -9.850410000069587e-05
020972 136.90877653333374 37.2264361076443 3.2246526718139648 -0.05559749603271484 0.001029509300000342
020973 136.54067799354647 36.53726572550632 2.223898506164551 0.4781381607055664 -0.0006891307000003622
020974 136.36164613623086 36.22956348892401 2.001508903503418 0.26686782836914064 0.0008508469999995328
020975 136.04895047547345 36.10973324516462 1.5567289352416993 0.46701865196228026 -0.00041924159999950916
020976 136.65774224416978 35.90141422820353 2.8910682678222654 -1.567848539352417 0.000963026999994554
020977 136.33958177726598 35.88821681529999 1.111949348449707 0.7227670669555664 -0.0005073159999994914
020978 135.75564599742282 35.48657242851445 0.5559749603271484 0.9229178428649902 0.0007705876999999361
020979 138.4442179590819 35.90493273632499 1.6679241180419921 0.17791194915771485 -0.0010935499999959574
020980 138.94999066073044 35.75387130655189 2.001508331298828 0.6894085884094239 2.5402999995094433e-05
020981 138.60687034346773 35.4676921305335 2.112703323364258 0.26686782836914064 -0.00015192199999773947
020982 138.6242568691954 36.85668689279494 3.1134580612182616 0.6894086837768555 0.0002641469999957735
020983 138.0967323116128 36.70664693588402 3.2246526718139648 0.4114211559295654 -0.0017449000000056003
020984 138.1209505848645 36.52360413312288 2.6686782836914062 0.5559746265411377 -0.0010344239999994897
020985 138.36604729146234 36.26098776549524 2.223898696899414 0.733886432647705 -0.0013044270000023062
020986 137.7854384637919 35.944601177426826 1.2231441497802735 0.8339619636535645 -0.0013926500000025043
020987 138.09570919627072 35.87841844304256 0.5559743881225586 0.9340373992919921 -0.0010933580000028087
020988 137.45088184073134 35.81555291156545 1.2231441497802735 0.31134581565856934 0.0005931299999929251
020989 137.6201586676155 35.66122832588443 1.4455341339111327 0.5782137393951416 0.0005580039999927066
020990 137.08053071416006 36.14026337457 1.5567287445068358 0.22238988876342775 0.005043364000005113
020991 136.78462185785492 35.72348803998773 1.22314395904541 0.5559746265411377 -0.0007667900000001282
020992 137.3090953443417 35.52312898775288 1.1119495391845704 0.5782137393951416 -0.0006723089999979947
020993 136.54529278395 35.4800593495279 1.111949348449707 0.8117228984832764 0.0005362130000008847
020994 137.2523185459305 35.30055099240312 1.2231443405151368 0.8895594120025635 0.0010219210000002477
020995 137.5753327866172 35.10002289856018 1.5567287445068358 0.41142120361328127 2.761700000064593e-05
021001 135.08764797409074 35.419524929558506 1.2231441497802735 0.23350934982299804 0.0009083130000021811
021002 135.34070155271183 35.33345968542356 1.0007543563842773 0.25574827194213867 -0.00031897700000058646
021003 135.6342126531453 35.15518223177411 1.1119491577148437 0.15567288398742676 -0.0003044399999964753
021014 134.19527393077686 35.529859101977046 1.3343389511108399 0.46701869964599607 -0.0010380734000001723
021015 133.49513739368675 35.50693584378659 1.2231441497802735 0.3669432640075684 -0.0008676516000008406
021016 133.86975050704615 35.493201826161204 1.111949348449707 0.34470429420471194 0.0009688736000001086
021017 134.1559502287804 35.340591994758185 2.557483100891113 -0.5114967346191406 0.0008000180000010459
021018 132.9219937076465 35.49191011068673 1.1119491577148437 0.5003771781921387 0.000223299499999996
021019 133.19208980347182 35.31069259086159 1.8903139114379883 0.6560500144958497 -8.57440000004317e-05
021020 132.9026950734641 35.309725131544106 0.2223896026611328 -0.011119556427001954 0.0008265648999994824
021021 132.66901062556644 35.23307844137494 1.8903139114379883 0.5114967346191406 0.001334062000000813
021022 132.38556730087626 35.03190105447412 0.889559555053711 0.3558237552642822 -0.0013692839999976058
021026 133.6807621096118 35.28295720026293 1.111949348449707 0.34470424652099607 0.00047957400000200325
021027 133.91269022215823 35.105025119951854 1.0007543563842773 0.5782135486602783 -0.00015206400000238317
021030 132.9020954658385 35.03521205509824 1.0007539749145509 0.20015077590942382 0.0009797619999972085
021101 136.50375862940908 35.10476182264495 1.1119491577148437 1.0229933261871338 0.0018603369999993901
031102 138.18578566372148 35.322074808857316 0.5559743881225586 0.17791194915771485 0.000482891000001473
031127 137.8144799979416 35.77753447745393 2.1127035140991213 0.7116476058959961 0.0002002900000206864
031128 136.7287538454856 35.405133653757936 0.889559555053711 0.756125545501709 -0.0008695952000003615
041135 133.69957504097925 35.4903993517386 1.0007545471191406 0.06671695709228516 -0.0017523236000002384
041138 137.5959754042869 36.57696779049631 3.8918222427368163 0.18903145790100098 -0.001573080000025584
051145 141.28323333909728 38.90192038828902 9.451568603515625 -1.7346407890319824 0.0021123111999997945
061150 140.89879684201972 42.557931162541976 1.000754165649414 0.04447793960571289 -3.1893999999965675e-05
071158 136.77271101237304 37.00071865963282 2.335093688964844 0.38918213844299315 -0.0007316807999998787
071159 141.0546884789364 39.36200200229078 6.33811092376709 -2.879948616027832 -0.0009243830000002617
071162 139.53384128622673 38.51119289986304 6.338110542297363 -0.6894086360931396 -0.000885944299999153
071163 139.27619749155727 36.60233772085609 3.224652862548828 0.6004526615142822 -0.00016560999999910565
081167 134.491499564942 35.535625161604365 2.112703323364258 0.6671696662902832 -0.001216004999997722
081170 135.77480939734062 35.20664928040765 1.2231441497802735 0.6115721225738525 -0.0008443169999964084
081171 139.64454750194204 35.75802890820534 2.44628849029541 0.2668677806854248 0.0003378194000006829
081173 141.1421797789156 41.83399424230573 1.7791189193725585 0.10007543563842773 -0.0005539550999998255
091174 140.29500307156633 40.57517687390377 3.3358480453491213 -1.8013578414916993 0.001484023000000434
091175 140.99023298454932 40.921148943143706 2.1127038955688477 -1.100829792022705 0.00047924950000037824
091176 140.80847699385856 37.3366928663248 5.893331146240234 -0.5114965915679932 -0.0015947879999998805
091179 140.75474622953953 38.25774226882374 7.227670478820801 -0.644930648803711 -0.0007824970000001486
091180 134.33046033177914 35.58670823691435 1.2231441497802735 0.6004525661468506 -0.0012411786000001257
101181 140.9985769975216 37.26395183693048 5.114966583251953 -1.1230687141418456 0.00021760269999901994
92106 139.08197138622228 35.00685288160474 0.8895591735839844 0.745005989074707 -3.7904700000268574e-05
92110 140.08719602809933 36.106113995705826 3.002263069152832 -0.022239017486572265 -0.00014225479999936398
93001 139.54230591629326 36.29516272857701 2.8910682678222654 0.4892576217651367 1.829899999989948e-05
93002 140.17427058058905 36.263268379847176 2.8910682678222654 -0.811722993850708 0.0022018234000000803
93003 139.8105321243631 36.203671681729546 3.224652862548828 -0.7561254978179932 0.0018240062000003832
93004 140.54448948228773 36.181305971641784 3.224652862548828 -1.5900874614715577 0.0018966907000006472
93005 139.34517427686635 36.120951345476904 2.44628849029541 0.6782890319824219 0.0005247517999990237
93006 140.3431563786194 36.09693573826512 2.668678092956543 -0.8117230892181396 0.0020061917999996126
93007 139.63672853109352 36.08722735963461 2.6686782836914062 0.0889559268951416 -0.0003740177999993932
93008 139.79962950873087 36.01086709103097 3.0022632598876955 -0.05559749603271484 0.0007153406000000473
93009 140.65924144664694 35.955453865194826 2.1127035140991213 -1.2565027713775634 0.0019350277000000915
93010 140.40295649343463 35.970407990532514 2.44628849029541 -0.978515338897705 0.0026568076000003773
93011 139.4642893279715 35.925504578042585 2.335093307495117 -0.08895597457885743 0.0015702618999995366
93013 139.6518645419477 35.93747055876438 2.2238983154296874 0.3891822338104248 -0.0001499010000003409
93014 140.14549768315914 35.87364748544713 1.5567285537719726 -0.46701869964599607 0.002143624899999708
93015 140.4070120910764 35.803328778922264 2.446288299560547 -0.5893331050872803 -0.00048524850000006834
93016 139.81281570609744 35.78021408316539 2.112703323364258 0.14455337524414064 0.00035549910000014505
93018 140.02475899679692 35.786465663521 2.779873085021973 -0.4447796821594238 -0.0022559851000011123
93019 139.48825772837898 35.71036622671287 2.1127038955688477 0.4558992385864258 6.094799999942779e-05
93020 140.31515012696997 35.71759774861214 2.223898506164551 -0.4114211559295654 0.0012533032999996862
93021 140.64682729886616 35.777301539164604 2.6686782836914062 -1.0452322006225585 -0.0009137406000007786
93022 140.8372359103813 35.72635375735788 4.225407218933105 -1.323219633102417 0.0005224427000001697
93023 139.9023578660429 35.675463438271805 1.8903139114379883 -0.33358473777770997 0.001675229499999631
93024 140.44830526480703 35.64235265701055 3.4470428466796874 -1.2676222324371338 0.0022794830999998796
93025 140.18656665408307 35.54414360516398 1.7791183471679688 -0.7894840717315674 0.002656624799999463
93026 139.67335563739866 35.56340276954262 2.1127037048339843 0.2891067981719971 4.771479999945427e-05
93027 140.31823962696726 35.530115263310734 1.6679241180419921 -0.30022635459899905 0.0023842940999998065
93028 139.46784374051998 35.52140904030171 1.5567289352416993 0.6894085884094239 -5.5408000000056747e-05
93029 139.32257893149998 35.482641268509354 1.7791189193725585 0.5226161479949951 0.001122541000000865
93030 140.05133475686358 35.447783377322594 1.779119110107422 0.18903136253356934 0.0012326540999993084
93031 139.0451811827725 35.41535102898166 1.3343389511108399 0.5893331050872803 -0.0014253019999955542
93032 139.65374976779273 35.436484271385844 1.5567289352416993 0.6115720748901368 -4.5311899999944674e-05
93033 140.33737401191067 35.42112596294729 2.1127035140991213 -0.10007538795471191 0.0015697551000002363
93034 139.46607046666222 35.32668151233474 1.2231443405151368 0.6560501098632813 0.0007676021999998284
93035 139.26269634430716 35.30489957218338 1.2231443405151368 0.7116475105285645 0.00029612100000093734
93036 139.8255217014349 35.31170215103228 2.1127035140991213 -0.122314453125 0.002025970599999738
93037 140.146793843629 35.333139289084265 1.890313720703125 -0.3224652767181396 0.0015619268000008901
93038 138.88165214883756 35.321603983451894 1.3343391418457031 0.533735704421997 0.0002088909999997668
93039 139.8435700250916 35.143709365184854 1.4455339431762695 0.05559749603271484 0.0015085328999994373
93041 140.26802349581348 35.16590051178197 1.7791189193725585 -0.7561254978179932 0.002102896000000953
93042 139.11043717265704 35.1486049897045 1.000754165649414 0.5782136440277099 -2.859300000039866e-05
93043 138.90186003612516 35.1100160196307 0.889559555053711 0.511496639251709 -0.0009188140999995653
93044 140.07926931796698 35.11186069547057 1.4455337524414062 0.13343396186828613 0.0023512175000000466
93045 139.954343651185 35.25480799614054 1.3343389511108399 -0.033358430862426756 0.0014692630000013196
93046 138.99792773647553 35.01482751915772 0.5559743881225586 0.4114212989807129 -1.3472000000547269e-05
93063 139.26813445539582 35.723758077782264 1.7791187286376953 0.6226915836334228 0.0021666120000020327
93064 138.97585629223093 35.623349259379076 1.7791187286376953 0.24462881088256835 0.0013667960000020684
93065 139.15722740005225 35.610274102114644 2.0015087127685547 0.6226916313171387 -0.0005257660000012266
93066 139.20486858560125 35.42851873798776 1.4455341339111327 0.41142120361328127 -0.00028980800000226735
93067 139.66483872378979 35.26709391393883 1.2231443405151368 0.6671694755554199 0.00022255619999995703
93068 139.04933992849536 35.24551619530799 0.8895591735839844 0.6449305057525635 0.0005765249999967637
93069 138.44524845624963 35.44357985876606 0.2223897933959961 0.6226915836334228 -0.0005611320000014075
93070 138.81403849741423 35.49658938718356 1.6679235458374024 0.6338110446929932 -0.0015298729999926764
93071 138.56343603069504 35.3620781712881 1.5567289352416993 0.46701869964599607 0.00047236100000418445
93072 138.77067614803403 35.30553953963308 1.2231441497802735 0.3669432163238525 0.0002217900000005102
93073 138.44570041299858 35.289461534531725 0.889559555053711 0.6115720272064209 -0.0013465139999993881
93074 138.2535147873496 35.200979051947776 0.889559555053711 0.5782136440277099 0.0013152100000070276
93075 138.6169889761131 35.20318348534722 1.0007539749145509 0.7894839763641357 -0.00011283700000035424
93076 138.72154288204723 35.17359028907687 1.2231441497802735 0.31134581565856934 0.00037405299999875296
93077 138.52471044723026 35.0674075927976 0.5559749603271484 0.5893331050872803 -0.0002569856000000925
93078 138.36869715761344 35.10345861665567 0.8895591735839844 0.6115721225738525 -0.0009761369999978342
93079 138.13490209922182 35.10391187238261 2.0015087127685547 0.11119494438171387 0.0006754260000036538
93084 137.69523653138847 35.079292942857386 0.22238998413085936 1.0563518524169921 -5.375299999741401e-05
940014 141.7306707832213 42.983252943800736 0.5559745788574219 0.4336602210998535 -0.0005436508000002504
940017 139.85766905507683 42.4507341492121 0.889559555053711 0.04447793960571289 -2.5385099999652993e-05
940018 140.94240633120128 42.37421431329863 0.6671693801879883 -0.011119461059570313 4.0615999998294684e-05
940020 139.51960181161792 42.153545190961616 1.1119491577148437 -0.04447793960571289 0.00043873300000001335
940021 140.1073246578527 42.00807378229242 1.3343391418457031 -0.34470424652099607 -0.0005768372000005684
940022 140.74782721065122 41.82607203534877 1.0007545471191406 -0.2779872894287109 9.432660000072702e-05
940023 140.04065393320903 41.46637512279088 1.7791187286376953 -0.38918218612670896 0.0002555139999998346
940024 141.21327691463824 41.30077055783554 1.7791187286376953 -0.23350934982299804 0.0019985720000001094
940026 140.27298543295743 40.77898187693904 2.223898696899414 -1.3232196807861327 -0.002527992400000301
940027 141.78910454757332 40.13344376264604 4.2254070281982425 -2.290615367889404 -0.0014622797000001242
940028 141.93998070850756 39.57237746066824 8.006034851074219 -2.6686781883239745 -0.0014328403999996908
940029 141.20394182984197 39.11061622042102 9.673958778381348 -2.1905400276184084 0.0003750969999998688
940030 139.77615692795825 39.967899871895554 4.892576408386231 -1.0674713134765625 -0.0008209758999996097
940031 140.04825157024501 39.3986930108023 6.338110733032226 -1.7346407890319824 -0.0022191004000006844
940032 139.80886344733284 38.8945999851022 7.1164751052856445 -1.0674713134765625 -4.481300000023225e-05
940033 140.31875196338467 38.75859121441066 7.894839859008789 -1.2787417411804198 -0.0017403989999991154
940035 140.36610316537102 38.33102445469468 7.005280303955078 -0.45589914321899416 -0.0001911390000003621
940036 141.44119703915857 38.44918635861734 7.5612548828125 -1.0007543087005615 0.001957249499999136
940037 140.95420944660202 38.31748153437293 8.673204040527343 -1.6901628971099854 0.00012509499999993067
940038 140.9081038271762 37.80066737764924 7.227670097351075 -1.2120246887207031 -0.0019454233000004706
940040 139.7915166413827 37.6436953123283 6.004525756835937 0.7672450065612793 -0.0017918589999993627
940041 140.90253047277253 37.09071126781577 5.11496639251709 -0.7561254978179932 -0.0004938319999979512
940042 140.61184536918017 36.539926923839154 3.1134578704833986 -0.9451569557189942 -0.00045847500000206765
940043 139.72642768370116 36.401847414574796 3.1134580612182616 0.30022625923156737 -0.000828880999999626
940044 138.906261745617 36.69703586631291 2.779873085021973 1.3009806632995606 0.0012236190000066926
940045 138.86540913956782 36.259032402330526 2.335093688964844 0.6338110446929932 -8.841000000074928e-05
940046 137.85112480885914 36.499766754850526 3.0022632598876955 0.34470424652099607 0.002030956999999489
940047 137.9438087575104 35.92358085870587 1.3343393325805664 0.9117983818054199 -0.0007388360000049943
940048 138.58329977057133 35.59033578556458 1.7791189193725585 0.6115721225738525 -0.002288535999997521
940049 139.50957910498352 38.2306878212307 6.560500907897949 -0.06671695709228516 -0.0009575893000004498
940050 138.98887222212593 37.896469973015904 5.11496639251709 -0.13343396186828613 -0.0003349954999997351
940051 138.5744032942483 37.39767904905933 4.225407409667969 -0.17791194915771485 -0.0011071284999999876
940052 137.4872329573091 36.928958079732325 2.779873085021973 0.42254071235656737 -0.0007181694999999876
940053 136.8891680785935 37.38237533661623 2.557483100891113 0.4892576694488525 -0.0006595539999999289
940054 136.64994174843002 36.6634122105857 2.1127035140991213 0.42254066467285156 -0.0014578896000003283
940055 136.17297590458864 36.231172828229816 1.6679237365722657 0.5003772258758545 -0.0010146359000003714
940056 136.1058086938946 35.60256086042601 1.7791189193725585 0.6449305534362793 0.0008927210000010177
940057 135.2333846631177 35.54990393754849 1.2231443405151368 0.3558237075805664 0.0006456884999998635
940058 137.34791201397778 36.13599315557389 1.3343389511108399 0.7338865756988525 0.0027625840000041536
940059 137.24837437435355 35.80048395694259 1.0007539749145509 0.9673957824707031 -0.0014097359999993841
940060 136.90002557700387 35.52607242990722 1.0007543563842773 0.4447797298431396 -0.00035211299999957644
940061 137.46757454663026 35.396765413901264 0.889559555053711 1.145307731628418 -0.00031892700000071275
940062 136.15823268467187 35.09472774965707 1.1119491577148437 0.8895594596862793 -0.0005546250000008967
940063 137.04128567425994 35.128109292921174 0.889559555053711 0.7338865756988525 -6.854899999950704e-05
940074 133.0586545036906 35.43387480049411 0.889559555053711 0.23350934982299804 -0.0007471572000000038
940075 132.20897599550622 35.00281187241297 1.1119491577148437 0.5003771781921387 -0.00020529380000056108
950127 140.54393819808692 42.98525208516625 0.7783649444580079 0.13343391418457032 -0.0001174364999997124
950128 141.29033250318943 42.97137784716958 0.4447797775268555 0.4336602210998535 -0.0006111860000004299
950129 140.88334123674392 42.857889220755695 -0.11119499206542968 0.8339618682861328 0.00021507200000314697
950130 140.603518909904 42.80271730492895 1.1119489669799805 -0.23350934982299804 -0.0004065543999999477
950131 140.23320350630794 42.7864338988792 0.4447795867919922 -0.8228424072265625 -0.00015418950000025688
950132 141.86398207993693 42.72944074301949 0.4447797775268555 0.07783641815185546 -0.0004350676000001386
950135 141.07495542221687 42.66787578598246 1.0007539749145509 0.21127042770385743 1.187999999956446e-05
950136 141.60225965727153 42.65552981859473 0.4447793960571289 0.25574846267700196 9.425700000065262e-06
950137 140.8256837719319 42.64628979664334 0.7783643722534179 0.0555974006652832 0.0003586420000004864
950139 141.3614805290646 42.54980017297782 -0.1111948013305664 0.9006789207458497 0.0016500766000000055
950140 140.35419751271175 42.49435957594755 -0.889559555053711 0.9451569557189942 0.0001824544000001538
950143 140.25048225066257 42.243676856374066 0.0 0.633811092376709 0.00013087439999992512
950145 140.0039472704351 42.130847893098526 1.4455337524414062 -0.14455347061157225 2.73027999995179e-05
950146 140.5687761453977 42.098671364185094 0.8895593643188476 -0.122314453125 -0.0002252441000010208
950147 140.80554186143274 42.04296678898588 0.7783649444580079 -0.07783641815185546 -0.0006134346999999707
950149 140.3158901191459 41.59902503163682 1.4455341339111327 -0.3669432640075684 -0.0003770516000002999
950150 140.88050746019516 41.45529582857668 1.4455341339111327 -0.6115720748901368 -0.00017086610000021095
950151 140.635894864953 41.04321908124154 1.6679237365722657 -0.9673957824707031 -5.716870000043173e-05
950152 141.3679654182752 40.96824138728147 1.5567291259765625 -1.0007542610168456 -0.00010443790000067566
950153 141.1978349567633 40.62506585954565 2.779873085021973 -1.8124773025512695 -4.087799999865638e-05
950154 139.92812140621916 40.57763985825455 3.3358474731445313 -1.0452322959899902 -7.208240000053934e-05
950155 140.57815291854172 40.523650344218794 3.66943244934082 -1.6012068748474122 -0.0014929840000007743
950156 141.51128678961598 40.515355447297644 3.0022632598876955 -1.779118824005127 -0.00014667999999957716
950157 141.0764817521872 40.2910703632544 4.336602401733399 -3.0912190437316895 -0.0008126199999992423
950158 141.71314025952142 40.40519629636809 2.5574832916259767 -1.1564272880554198 -0.00010893019999969056
950159 141.29369315254607 40.291143161403305 2.223898506164551 -1.2898611068725585 0.0006097449999998616
950160 141.46195433946818 40.048593795453996 4.892576789855957 -2.6464391708374024 0.00020673699999633753
950161 141.22507471525228 39.980568210902696 5.670941352844238 -3.4915207862854003 0.0013795119999997496
950162 141.95055505086137 39.86936436862643 6.33811092376709 -0.8117229461669921 0.0006883299999998372
950163 141.16487302440925 39.8512389138435 6.671695709228516 -2.0682255744934084 0.001126168999999777
950164 141.80386442560246 39.84916938967819 6.226915740966797 -2.20165958404541 0.002218042000001219
950165 140.9645139176991 39.70108554942576 7.005280685424805 -2.85770959854126 -0.0017881999999985964
950166 141.17211982840732 39.596564249971166 6.226915740966797 -2.045986557006836 0.0004930229999985158
950167 141.955277882137 39.45815190790242 7.5612548828125 -1.2231440544128418 0.0008398838000005071
950169 141.53416172673093 39.33805501717565 9.34037380218506 -2.246137523651123 0.00036067599999682897
950170 141.79806701321937 39.2535089724091 8.45081443786621 -1.95703067779541 0.0008812018000000421
950171 141.73987544810936 39.02377144616158 8.562009620666505 -0.45589914321899416 0.002378414000000362
950172 141.5726183614621 38.902849825364406 7.783645057678223 -0.9451568603515625 0.0017672401000012883
950173 140.99060460895893 38.81533468105938 8.784399032592773 -2.3906908988952638 0.0013717110000001753
950174 140.80165584825912 38.74893115325305 8.339619255065918 -1.3232196807861327 4.211600000303406e-05
950175 141.4494012489443 38.682689764649986 8.45081443786621 -1.5678484916687012 0.001928468999999211
950176 141.14756755736994 38.53947315936675 8.89559440612793 -1.957030725479126 0.0019814619000001698
950177 140.85137572396047 38.41175556898611 7.672450065612793 -0.6115720748901368 -0.0009520703999996271
950178 140.64286745025592 38.20573973506616 8.562009620666505 -0.5337356090545654 0.002166703000000325
950179 140.8440107439505 38.029655165603145 7.227670288085937 -0.35582380294799804 0.002046949300000733
950180 140.44259155579186 37.98992863318382 7.561255073547363 -0.15567288398742676 -0.0003960239999969417
950181 140.5773558213432 40.32504320170101 4.558992195129394 -1.8791942596435547 -0.0008803489999991143
950182 140.2636676829982 40.271152695766354 4.225407218933105 -1.5567290306091308 -0.001060203400000148
950183 140.78734192142412 40.21543515123751 4.670186996459961 -2.4240492820739745 -0.0014162150000004204
950184 140.04794297929985 40.24469079996372 4.336602401733399 -1.2342637062072754 -0.000746077299999115
950185 140.40199614355495 40.006873530793385 6.560500907897949 -2.07934513092041 0.0027949559999996152
950186 140.13238459964512 39.93605110134798 5.448551368713379 -1.6345654487609864 -0.00022035679999987678
950187 140.5970557120531 39.74915741660001 7.0052801132202145 -2.0459866523742676 -0.002305372999998667
950188 140.23422315178132 39.65830514123496 6.671695518493652 -1.9903892517089843 0.0001861864000005653
950189 140.38663614056765 39.54928766724174 7.338865089416504 -1.934791660308838 -0.0008523855999996499
950190 140.55979182592034 39.32699651527577 8.11722927093506 -2.5352444648742676 -0.002843469999999115
950191 139.90772752720585 39.20605890178172 6.894085693359375 -1.4232951164245606 -0.001094667699999974
950192 140.16199355820132 39.16420750174619 7.450060081481934 -2.546363925933838 0.002446935000000394
950193 140.6296026229094 39.05189632700943 8.006034660339356 -2.1683011054992676 -0.0005590810000001056
950194 139.54766980884446 39.18555969958539 6.115721130371094 -0.9673957824707031 -0.0006805837999998232
950195 139.95738561015523 38.75971775907499 7.561255645751953 -1.4232951164245606 -0.0021457510999994154
950196 139.83177968812876 38.59403439695254 7.116475296020508 -1.1008296966552735 -0.0004707670000016151
950197 139.74226171891615 38.14617385411149 6.671695709228516 -0.35582380294799804 -0.0007065409999995609
950198 140.09353982447777 37.96360567620813 6.226915740966797 -0.12231440544128418 -0.0020812250000005863
950199 140.07758749707656 38.19754171137486 7.227670478820801 -0.5893331050872803 -0.0006365130000006048
950200 140.46650329550428 37.68330650596814 6.449305725097656 -0.1779118537902832 -0.001024858999997491
950201 140.75509258334068 37.56055123592681 5.782136535644531 0.622691535949707 -6.588900000110698e-05
950202 140.07269249008192 37.56694676366761 5.4485515594482425 0.9673958778381347 -0.0005427730000064912
950204 139.52863732117976 37.47346177012271 5.11496639251709 0.46701865196228026 -0.002727343000003657
950205 140.66212745299632 37.32546688015574 5.559746360778808 -0.3669432640075684 0.002968748000000687
950206 139.36435537477524 37.302798348227945 4.892576789855957 0.26686782836914064 0.0007777459999999791
950207 139.5037775093879 37.28148883908193 4.336602020263672 0.6338111400604248 -0.001781458000004932
950209 139.87143624629866 37.26107173684258 3.8918224334716798 -0.23350939750671387 0.0007700639999939085
950210 140.2599389336187 37.12629344175414 4.447797393798828 0.9896347522735596 -0.0010221709999996165
950211 140.56165390751113 37.08929409784564 4.003017425537109 -0.6449305534362793 0.0037701060000017604
950212 140.41327955131777 36.86209149374503 3.3358476638793944 0.5337356090545654 0.0014538799999996854
950213 140.29343183556006 36.65056602881485 2.891067886352539 0.46701879501342775 0.0010967810000011013
950214 140.75392443158213 36.80030740232447 2.891067886352539 -0.6115721225738525 0.0007832354000001374
950215 140.077953178638 36.36491161647603 3.2246532440185547 0.23350934982299804 0.000912094000000252
950216 140.47634036688592 36.3443684746604 2.223898696899414 -0.5670941829681396 0.0006289998999989166
950217 140.03926424846745 36.854234254458824 3.78062744140625 0.25574827194213867 -0.0019549789999985024
950218 139.6192540795002 36.66598350387776 3.224652862548828 0.9451569557189942 -0.0026298139999994417
950219 139.92347344459384 36.598945655346206 3.6694326400756836 -0.033358526229858396 0.0009388639999997394
950220 139.22490981851206 36.76969227688013 3.4470426559448244 0.7116476058959961 -0.0013354449999951612
950221 138.55271743342803 36.50799581982233 4.00301685333252 0.03335857391357422 0.0011511999999925138
950222 139.33039176035837 36.42162815933478 3.0022628784179686 0.7561254501342773 -0.0004082750000009128
950223 139.07568848454775 35.986891290337084 2.0015085220336912 0.6894084930419921 -0.0004789560000006077
950224 139.79599062458155 35.89596961275223 2.44628849029541 0.12231450080871582 0.0003106400999996595
950225 140.04809617243993 35.657205626153434 1.3343387603759767 0.42254071235656737 0.0020150166999997055
950226 140.3849096721726 35.24324292635125 1.1119491577148437 0.3113457202911377 0.00039668650000024286
950227 139.97489011950745 35.00279149145848 1.2231441497802735 1.0118739128112793 9.667250000049421e-05
950228 139.630652687429 35.663697144731394 1.890313720703125 0.4892576217651367 0.00011827699999997777
950229 139.1626028523705 35.33620843968519 0.7783645629882813 0.7783645153045654 0.00021511399999951664
950230 139.14241623213923 35.2685998955399 1.0007543563842773 0.46701869964599607 -0.00019261679999971193
950231 139.25335768742096 38.46539038791055 5.782136344909668 -0.5226161479949951 0.00026975030000002674
950232 138.5130931758112 38.31934560966262 4.558992004394531 0.03335838317871094 -0.0006180474000004211
950233 138.47168736674203 38.063279185406046 4.336602020263672 0.05559749603271484 0.0012572726999998452
950234 139.3514683858729 37.92938298574849 6.115720939636231 0.04447793960571289 -0.001055657400000598
950235 138.2730735052703 37.81590161177839 4.2254070281982425 -0.10007538795471191 -7.815190000002304e-05
950236 139.4778969040596 37.685905461948714 5.559746360778808 -0.34470434188842775 -9.133899999937966e-05
950237 138.78051213138116 37.6675231856746 4.670186614990234 0.1779118537902832 -0.00023034359999911657
950238 139.0591275110323 37.662294808843015 5.559746360778808 0.07783637046813965 -0.0021468456999997445
950239 138.99801686517245 37.46771785243277 4.558991813659668 0.2779872894287109 -0.002771899000001099
950240 138.7899890071748 37.31131469042259 4.114212417602539 0.7227670192718506 -0.003945966999999939
950241 138.3335757950761 37.23112202483565 2.8910680770874024 0.5337355613708497 -0.0012248381000006248
950242 138.93372714421028 37.16603519861939 2.779873085021973 0.2891068458557129 -0.0009769360000007055
950243 138.1001951692734 37.16079064978143 3.7806272506713867 0.4447797298431396 -0.0012062580000019806
950244 138.60872903097373 37.07913399257716 4.447797203063965 0.022239017486572265 0.0017788590000009207
950245 137.87385041911043 37.04517344536396 3.4470426559448244 0.05559749603271484 -0.001087151500000516
950246 138.83085086287332 36.993459620333525 4.447797393798828 0.12231440544128418 -0.0016467139999974735
950247 138.1986785258615 36.86540421333993 4.447797012329102 0.6115721225738525 0.0013554819999967549
950248 136.99612815660876 36.74062097661281 2.112703323364258 -0.31134586334228515 0.00048331269999977164
950249 137.19519856176623 36.634336811080416 2.44628849029541 0.41142120361328127 -0.0010046223999992776
950250 137.4398983000897 36.57870573058063 1.2231441497802735 -0.14455342292785645 0.006802747000006093
950251 136.9205601250675 36.40187924826263 3.335847854614258 1.4677730083465577 0.0025124870000013287
950252 136.91927182544012 37.85049537790637 3.002263069152832 0.3113457679748535 -0.00033859669999998233
950253 137.27005235567412 37.44602714118657 3.3358480453491213 0.21127033233642578 -0.0005032045000000096
950255 136.38894404426628 36.39445632555467 1.8903139114379883 0.6004526615142822 -0.0003972631999999976
950256 136.63394876333555 36.1652892784155 3.1134578704833986 -0.7450059413909912 0.0010290240000017548
950257 136.2789464461584 36.14561944231323 1.7791187286376953 1.2565026760101319 0.0002937991000003137
950258 136.50492503563723 35.98490818006933 1.4455341339111327 0.9451568603515625 -0.0008976079999996501
950259 135.98976450941615 35.945004871078794 1.3343389511108399 0.9117983818054199 -0.0002791479999999069
950260 136.1973950605629 35.79278225219157 1.3343387603759767 0.7783644676208497 -0.0006554609999994909
950261 135.90764053666385 35.53440951203199 1.2231443405151368 1.0674713134765625 0.0003985871000004693
950262 135.60888074115033 35.4627149754061 1.1119491577148437 0.26686773300170896 -0.0003324130000002867
950263 138.31639795566736 35.855979039488886 2.0015087127685547 0.6115721225738525 0.0009996629999932337
950264 138.6951338942012 35.74687551750884 1.5567287445068358 0.8784399509429932 0.00016715699999849675
950265 138.43616985658795 36.801709050474734 3.4470428466796874 0.6671695709228516 0.00013278100000206904
950266 137.8723348958679 36.70646871786129 4.003017616271973 1.045232343673706 0.00094426000000567
950267 138.24747069916825 36.66515541578409 2.0015087127685547 0.7227670669555664 0.001087467000002107
950268 138.3225267158031 36.38617691303439 2.335093688964844 0.811722993850708 -0.0006931379999969067
950269 138.63779985496168 36.34601410513667 2.3350934982299805 1.3009806632995606 0.00028947900000275695
950270 137.90281801151121 36.32237163791694 1.3343391418457031 0.6115720748901368 0.0017716489999997976
950271 138.21648811097293 36.208467721750516 2.2238981246948244 1.0118738651275634 -0.00018722099999877174
950272 138.46097569875224 36.130639962057494 2.668678092956543 0.6004526138305664 0.0013485769999988407
950273 137.98301349825542 36.121109591706364 2.0015085220336912 0.4558992385864258 0.00013191500000857558
950274 137.69626143351803 35.78361812361011 1.0007539749145509 0.8673203945159912 -0.0014355179999938628
950275 138.03831879085948 35.556130000171706 1.0007543563842773 0.7672449588775635 -0.003017557999999099
950276 137.81523878348085 35.521092268544116 1.667923927307129 0.4781382083892822 -2.4763999999777297e-05
950277 137.92527307649084 35.31714439146455 1.000754165649414 0.2557483196258545 -0.001087449000004881
950278 137.58766951138614 35.24699947009466 0.4447797775268555 0.8450814723968506 3.652599999668382e-05
950279 137.1471741393926 36.33551078120468 2.779873085021973 0.3780627727508545 0.00023751700000502752
950280 136.95276435245322 36.03304870829902 1.3343391418457031 0.7672450542449951 3.878700000541358e-05
950281 137.53486873903233 35.97345841212598 1.5567293167114258 0.5670941829681396 -0.0008484399999815651
950282 136.86318265173347 35.86694139363948 1.1119489669799805 1.0118737697601319 -0.00034741200000212304
950283 136.9753031516508 35.75778320012562 1.5567293167114258 0.03335847854614258 -0.00042675799999756234
950284 137.42477414538004 35.6571894886661 1.3343389511108399 0.5782135963439942 8.604399999967427e-05
950285 136.4887689023535 35.63615338822653 1.0007545471191406 1.1786662101745606 -0.0006393749999972443
950286 136.61139549394855 35.63289784793719 1.3343387603759767 0.9340373992919921 -0.0009906529999994973
950287 137.17414606411214 35.61208667994856 1.2231443405151368 0.7783644676208497 -0.00035097399999983736
950288 136.68728360653225 35.48832464000227 0.7783643722534179 0.8450814247131347 -0.00025233880000001817
950289 137.12468863125957 35.47870073348051 1.0007545471191406 0.511496639251709 -0.00019283100000109244
950291 136.5497440244622 35.371709802993664 1.2231443405151368 0.14455337524414064 0.0009694109000001561
950292 137.11023274457423 35.367372495636495 0.889559555053711 0.5670941829681396 -0.00019533999999907792
950293 137.40560748465398 35.26196731642052 1.0007547378540038 0.6671695709228516 0.0003553250000038588
950294 136.59344589742452 35.227905840598204 0.3335847854614258 0.6115720272064209 6.482659999988983e-05
950295 137.98041640867663 35.03151837412024 1.1119495391845704 0.5114966869354248 -0.000548598000000311
950298 136.92997982648646 35.33476088411897 0.7783643722534179 0.8006034374237061 -0.0006857835999994677
950299 136.8288334708079 35.19010686269426 0.7783643722534179 0.5337356567382813 0.0009752016000000197
950300 137.2535636017115 35.13875295347759 0.889559555053711 0.8784399032592773 -0.00048070299999949386
950301 137.31316496067254 35.03946515568572 0.5559747695922852 0.6449305534362793 -0.0013681130000009034
950317 136.19794673906662 35.557331504034266 1.4455341339111327 1.0118738651275634 -0.0005697700000013128
950318 136.05366712694826 35.466286795730724 0.889559555053711 0.4114211559295654 9.974200000044675e-05
950319 135.91320876801308 35.35125491125289 1.22314453125 0.04447789192199707 0.00013978100000144877
950320 136.06282851133946 35.31897490008734 0.6671693801879883 0.8006034374237061 -0.0006960709999987103
950321 136.23561445826564 35.26944124876753 0.0 1.145307731628418 0.0006298149999992119
950322 135.87080919934237 35.137040124424495 1.1119495391845704 0.30022621154785156 0.00025314099999889094
950327 135.1732162542599 35.75235304991239 1.3343393325805664 0.5226161479949951 -0.0009284253000004128
950328 134.93228682259672 35.55568158523972 1.0007543563842773 0.20015077590942382 -0.0006464711000006673
950329 135.1640355032179 35.29233641169722 1.0007543563842773 0.07783646583557129 -0.0006159610000011639
950331 135.36690575904066 35.16378699932573 0.8895593643188476 0.5226161479949951 -0.00029140299999994566
950332 135.56452306929557 35.07758200803427 1.0007543563842773 0.3891822338104248 -0.000341052999999647
950341 134.58249464574297 35.43674684534844 1.3343389511108399 0.25574827194213867 -0.0005718269999988479
950342 134.81850326171005 35.31489832239549 1.7791187286376953 0.6560501098632813 0.00018735200000037367
950343 135.18189883040884 35.10528516461546 0.8895593643188476 0.6782890319824219 0.00020779399999923954
950344 134.5859601688557 35.094454171986506 0.889559555053711 0.5448551177978516 -0.00035217599999839424
950345 134.97258910703349 35.09078461796906 1.0007547378540038 0.522616195678711 -0.000602329000000168
950378 134.0466707898637 35.45675479705739 0.889559555053711 0.7227670669555664 -0.0005909039999991705
950379 133.4390724195987 35.34553550297089 1.3343393325805664 0.5559745788574219 0.0004328069999999684
950380 134.23736794694557 35.26586268531271 -1.6679243087768554 1.0007543087005615 0.0013545030000017277
950381 133.30853272719514 35.16457472371537 1.0007547378540038 0.622691535949707 -0.0009508429999982582
950382 133.23988078244358 36.28529009673298 1.4455341339111327 0.45589914321899416 -0.0007368806999991761
950383 132.9843792755408 36.09320958355832 1.3343393325805664 0.5448551654815674 -0.0007551330000005408
950384 132.7432146558393 35.39261485250961 1.000754165649414 0.5003772258758545 -0.0002376775999998415
950385 132.99542376581482 35.19561314670633 0.7783643722534179 0.5448551177978516 -0.0015271629999972446
950386 132.50732220247843 35.18595412294454 1.0007543563842773 0.5782135963439942 -4.0457500000457e-05
950387 132.72050602546025 35.01977308117602 -0.1111948013305664 1.2342637062072754 0.001427883000002339
950389 133.79247734025904 35.26353853634875 0.22238998413085936 2.190540075302124 -8.463699999765595e-05
950390 134.3196405958369 35.09964123335765 0.6671695709228516 0.989634895324707 0.00019996699999751398
950391 134.23477038051456 35.020881496974134 1.0007543563842773 0.6894084930419921 -0.0008320419999989781
950392 133.7345024698851 35.00296134338322 0.889558982849121 0.5114967346191406 -0.0005015789999987419
95105 139.17103514883752 35.040627876360354 1.0007539749145509 0.7783645153045654 -0.00024034010000093531
960522 141.5774164214567 42.884431040246234 0.22238998413085936 0.4558992385864258 0.00027091420000004975
960523 141.4070931098171 42.7731892530206 0.4447793960571289 0.20015087127685546 -0.0004990319999990334
960525 140.76762324077006 42.551378986066865 0.7783645629882813 0.15567293167114257 -0.0001337385999995888
960526 140.87637246316106 42.47390122414542 0.6671695709228516 0.26686782836914064 0.00014698850000058883
960527 139.44615065742755 42.060503880521146 1.4455339431762695 -0.21127033233642578 -0.0004688158000000442
960528 140.66686876572243 42.123142410259995 0.7783647537231445 0.0 -0.00013271770000002902
960529 140.71543714807126 41.976685806976384 1.0007543563842773 -0.25574827194213867 -0.0001536369999996623
960530 140.07123096226886 41.80302607013365 1.4455337524414062 -0.2557483673095703 -9.863449999869545e-05
960533 141.44758892041355 41.40470451571616 1.0007545471191406 -0.4781381607055664 0.0002448635000007471
960534 140.49076933425985 41.18507638347408 0.22239036560058595 -0.1000753402709961 -0.00046252490000000537
960535 140.82198753131834 41.145543936708165 2.0015085220336912 -0.8228425025939942 9.489370000039798e-05
960537 141.13181033758102 40.86235775811385 1.7791187286376953 -1.4788926124572754 -0.0002902871000003415
960538 140.58922914798538 40.7062724252185 2.8910682678222654 -2.0904645919799805 -0.0005347365000005766
960539 141.37621427790393 40.676394562812064 2.3350934982299805 -1.534489917755127 -0.000655269800000724
960540 140.4785321923632 40.62434200672769 3.002263069152832 -1.756879997253418 -0.0015000451999995334
960541 140.80335195083794 40.64356294488932 3.6694326400756836 -1.7235213279724122 -0.001684779000004255
960542 140.45156849130643 40.91017441633469 2.223898506164551 -1.000754451751709 -0.0004954919999995866
960543 141.06634030172455 39.953073353044 4.892577171325684 -3.602715492248535 0.00032049600000050305
960544 140.7691995090622 39.35129322006522 7.33886489868164 -3.22465295791626 0.0007668020000039632
960546 141.57550391237885 39.14308296075865 9.673958206176758 -2.07934513092041 -0.00042386699999923393
960547 141.6753050642635 39.59611625561332 7.0052801132202145 -1.7124018669128418 0.001500289000000521
960548 140.84787999835015 38.54621509750521 6.894085502624511 -0.3335847854614258 0.0005080845000009048
960549 141.21293969866454 38.425050124420046 8.673204231262208 -1.5789679527282714 0.0020145733999996198
960550 141.50072189044468 38.30117733556857 7.672450065612793 -1.8458357810974122 0.0029464439999998147
960551 139.84894288652487 39.89113095510534 4.89257698059082 -1.3565780639648437 -0.0011140119000003779
960552 140.04473202664258 39.82580486584776 6.115721130371094 -1.667923927307129 -0.000568118600000389
960553 140.7328618480583 39.702675051902034 7.672450256347656 -2.20165958404541 -0.0019456019999950058
960554 140.50670563416432 39.1990911271406 8.006034851074219 -2.0904645919799805 -0.0019912210000001098
960555 139.92750763846544 39.01596847517954 7.338865280151367 -1.145307731628418 -0.001833549299999504
960556 140.36517035381573 38.496765841084226 8.006034660339356 -0.978515338897705 -0.0010323630000016238
960557 140.27115462330735 38.14809415509824 6.894085502624511 -0.3669432163238525 -0.0016502000000002681
960559 140.20566625368713 37.61595187241082 6.004525566101075 0.03335838317871094 0.0019035560000020268
960560 140.37291436260386 37.62072862335969 6.449305725097656 0.1779118537902832 -0.0034911360000023707
960561 140.13588922984493 37.42450663325628 6.226916313171387 0.35582380294799804 0.0009649309999986144
960563 139.5861691689695 37.09724869796318 2.891067695617676 0.9673958778381347 0.005677121000007901
960564 139.46169569524668 38.056182112609946 5.8933313369750975 -0.5114967346191406 -0.002092539000000215
960565 138.36988819678905 38.02368674703896 4.670186614990234 -0.04447793960571289 -3.220500000011839e-05
960566 138.70694453003614 37.53583135067337 4.781381988525391 0.2779872894287109 -0.0006050012999992305
960567 138.51637459184425 37.348538942302596 4.1142120361328125 0.2779872894287109 -0.0011292552999996985
960568 139.02025961171597 37.31987028119914 4.892577171325684 0.33358473777770997 -0.0015817320000024893
960569 138.24259069919233 37.056681438719565 3.669432258605957 0.6560501098632813 0.0001211544000000231
960570 137.89387489828025 36.950871481933454 4.447797203063965 1.134188175201416 0.0010338700000005474
960571 139.07391735558284 37.75206347040536 4.781381988525391 0.3891822338104248 -0.0009724396000002855
960572 137.36951786544032 36.73695825380793 2.335093688964844 0.15567293167114257 -9.28033999997524e-05
960573 137.03190069634027 36.649561909599974 2.223898696899414 0.6560501098632813 -7.635900000479979e-06
960574 137.13854694403742 37.306969825241254 2.779873085021973 0.5337356567382813 -0.00032427699999857393
960575 136.71876300934082 37.15674439994335 2.557483100891113 0.4781381607055664 -0.0008529342999999301
960576 136.99607129160157 37.12315622580128 2.6686779022216798 0.9229178905487061 -0.00016900900000109685
960577 136.7556534065873 36.817478612708506 2.2238983154296874 0.5448551177978516 -0.000340048000000337
960578 136.60533561208757 36.370068966303144 2.223898696899414 0.34470429420471194 0.0001333579999993617
960579 136.18499348917717 35.96888721886886 1.5567289352416993 0.5670941829681396 0.0007837405000003627
960580 136.0559840924173 35.83684116254202 1.2231441497802735 0.4892576217651367 0.0005347030000010022
960581 140.4976077983459 36.7430253236427 2.557483673095703 -0.8006034374237061 0.0021012999999982184
960582 139.98777226958967 36.30070471171336 2.8910680770874024 0.4447795867919922 0.0023226778999998034
960583 139.93150422537659 36.11481326541726 3.4470426559448244 0.07783641815185546 0.0019078869000011879
960584 140.20244939689692 36.031338983745385 2.446288299560547 -0.5003772258758545 -0.005542687899999521
960585 140.16476727903202 36.95230601104468 4.003017425537109 -0.022238969802856445 -0.0005341630000032183
960586 139.80575668973253 36.97958136893625 3.6694326400756836 1.1119492530822754 -0.00013814299999239665
960587 139.8542649254364 36.776371356424164 4.336602020263672 0.6449306011199951 -0.0025409719999970547
960588 140.15769841951143 36.6924546873787 3.5582380294799805 -0.21127033233642578 0.0009755289999986872
960589 139.4905967803173 36.624174241841246 4.558992195129394 0.5893332004547119 0.0017741200000045865
960590 140.1793159808924 36.54221509871234 3.224652862548828 -0.11119494438171387 2.7721000000724418e-05
960591 138.59144967410907 36.61631796885896 3.558237648010254 0.5448551654815674 -0.00023999000000003435
960592 139.06664539820088 36.23467072459316 2.557483673095703 0.4892576217651367 -0.00011392499999942629
960593 138.91242222388644 36.14275368901575 2.1127037048339843 0.8895594120025635 -0.00021482600000126694
960606 138.69038298223808 35.64951852051968 1.8903139114379883 0.3780627727508545 0.001308908000004294
960607 139.02577795251207 35.5118682016102 0.7783647537231445 0.622691535949707 -0.0013236300000016854
960608 137.98455266494668 36.23902972983557 2.1127037048339843 1.223144245147705 -0.0034617850000017826
960609 137.87175225621533 36.22836934831768 1.2231443405151368 0.6226916790008545 0.0010866200000009484
960610 138.4992838953744 36.28471375376022 2.779873275756836 0.7227670669555664 0.00040386299999681794
960611 137.68262882737875 36.084663547503894 3.0022628784179686 0.4781381607055664 0.00015779999998812854
960612 138.21448619390753 36.02616327443318 1.8903135299682616 0.7116475105285645 -0.00020406000001003122
960613 138.5830292681076 35.97414749533707 0.7783645629882813 0.5114966869354248 0.000413099999991573
960614 137.59827532348226 35.880003175789994 2.779873275756836 -0.14455337524414064 0.0004928510000013376
960615 137.98389075545853 35.72629333001491 1.6679235458374024 0.5782136440277099 0.0010792270000024474
960616 137.67639847921754 35.34373426261913 1.0007539749145509 0.6004526138305664 0.0002912299999934476
960617 136.90427190333006 36.26146817309701 2.4462881088256836 0.5114965915679932 0.0006519710000020496
960618 137.36302196658588 36.285642757672214 1.4455337524414062 0.633811092376709 -0.0003173860000060813
960619 137.20067042194162 35.91163470375108 0.889559555053711 0.7227670669555664 -0.0005816430000038508
960621 138.92835610490692 35.204394830678105 1.000754165649414 0.6004525661468506 -0.00038496799999734323
960626 138.9068945447798 35.04724339474095 1.0007543563842773 0.4558992385864258 7.665579999951432e-05
960627 140.08631298402 36.10363478067774 2.1127038955688477 0.5226161003112793 0.00193346479999974
960629 137.07356656745603 35.23908659391478 0.889559555053711 0.5114966869354248 -0.0003412819999994099
960630 136.96580217969807 35.16842178731845 1.000754165649414 0.7672450542449951 -0.0007488285999997402
960633 136.69425147607242 35.050911415205874 0.5559749603271484 0.9006790161132813 -0.0019261521000004222
960638 136.26474738756653 35.42035693575675 0.667169189453125 0.41142120361328127 -0.0005947600000013153
960639 136.04120008556532 35.0857237540077 1.0007543563842773 0.4336602210998535 -0.0003825629999994362
960640 135.03404906412968 35.68507800262674 1.3343393325805664 0.3669432163238525 -0.0021041882999995208
960641 135.41583176156533 35.48221431706421 0.7783645629882813 0.5337356090545654 -0.0005484262999999601
960642 135.54952356428527 35.27585962303053 1.111949348449707 0.3669432640075684 0.00037055500000064966
960643 135.7733036372818 35.05313674987733 1.0007543563842773 0.5893331050872803 -0.0004667240000003403
960645 134.67737970255413 35.62120155011682 1.2231441497802735 0.13343396186828613 0.0007988408000002778
960646 134.72871256251705 35.461262113225004 1.111949348449707 0.7672449588775635 -0.00011644199999949478
960647 135.02203518444662 35.23788007451829 1.2231443405151368 0.6115721225738525 -0.00012121700000022884
960648 134.77122250766683 35.162743264048515 0.6671697616577148 0.06671700477600098 -0.00011151899999504167
960655 134.32528022349697 35.361442567481745 0.889559555053711 0.5559746265411377 -0.0005261770000004162
960656 133.13788892654614 35.56353463932204 0.889559555053711 0.622691535949707 -0.000772352100000262
960660 133.56399130757333 35.16966158724749 1.667923927307129 0.46701869964599607 -0.0010628859999997076
960752 139.05673981172143 36.53925917412097 3.7806272506713867 0.5114967346191406 5.835399999796209e-05
960753 139.26933186564477 36.00373547240954 2.779873085021973 0.5559746265411377 0.001010881000001973
960754 139.18220099934842 35.88404864628805 2.446288299560547 0.5226161479949951 3.29010000029939e-05
960755 139.36597292816626 35.80080221218034 1.7791189193725585 0.5448550701141357 -0.0003165830000000369
960756 140.24916240998732 35.28838329539405 1.8903139114379883 -0.011119556427001954 0.002597872599999107
960758 139.36989965441882 35.61642830726937 4.336602020263672 1.8791943550109864 -0.000529821000000652
960759 139.6138441097783 35.160866862492924 1.000754165649414 0.7227670669555664 0.000232787999999573
970792 141.08105849181194 42.420546604415506 0.4447797775268555 0.11119489669799805 -0.0004059965000003274
970794 140.37123575585838 41.93485172704398 0.5559749603271484 0.38918218612670896 -0.0012904769999977361
970795 141.45260421683423 39.849010390643244 6.782890319824219 -2.3795713424682616 -0.0003418119999992086
970796 140.98847595869182 39.12700021817663 7.450060272216797 -1.5567289352416993 0.00042247599999996056
970797 140.64565837417388 37.984404586712586 7.5612548828125 -0.30022625923156737 -0.005035030000000518
970798 140.82291647829337 40.044970304534154 5.11496639251709 -1.7124018669128418 0.0010979089999977986
970799 140.0946472957234 38.43433964408584 7.227670288085937 -1.0674713611602784 -0.0015589840000018284
970800 140.84166353387417 37.01844635489194 3.7806278228759767 -0.7450060367584228 0.0011143795000009503
970801 139.4022408768104 37.036934467190434 2.8910682678222654 0.2557483196258545 0.0019940519999977367
970803 140.19993289799518 38.288979597319106 7.227670097351075 -0.6671696186065674 -0.001259328999998388
970804 139.52192543910172 35.419268708777615 1.4455339431762695 0.6449305057525635 -0.0005161642999993888
970806 138.8804488656026 37.77698969485113 5.4485515594482425 0.011119508743286132 -0.0015091504000004363
970807 138.7795470433012 37.49865604315927 6.004526138305664 0.08895597457885743 -0.002987884999998869
970809 138.45682125730488 35.67369350088284 0.1111948013305664 0.30022625923156737 0.0014340860000004341
970810 138.92028608424593 37.58973635614726 4.7813817977905275 -0.022238969802856445 -0.004266449699999697
970811 137.52878190022662 35.57509245545817 1.3343393325805664 0.5337356567382813 -0.00021378299999810224
970812 136.47030642486834 35.359730954525986 0.5559745788574219 0.5448551177978516 2.7640999999789528e-05
970813 138.97386891933155 35.11416698962728 1.0007545471191406 0.5114966869354248 5.521600000122362e-05
970815 138.60997503009477 35.11715276417185 1.111949348449707 0.6115720748901368 0.000247737299999784
970817 138.2099847476874 35.06697438884411 -0.2223897933959961 1.1564272880554198 -0.00011249099999304235
970818 138.08168518738697 35.04488392567531 1.22314395904541 0.2891067028045654 0.0009775869999998576
970822 136.78882515428415 35.30083743492725 0.7783647537231445 0.7227670669555664 6.265469999959805e-05
970823 134.58821060926005 35.28334325001636 1.890313720703125 0.811722993850708 0.001036260000000766
