station lon lat east_vel north_vel up_vel
000843 134.04954669711648 35.174887007614544 1.0007545471191406 0.9896348476409912 -0.0015144169999985024
010844 140.81054264588744 40.83440299266197 3.6694326400756836 -2.4462883949279783 -0.0008728058999999177
010845 140.32440608399125 37.36182224068101 9.78515338897705 -0.3669433116912842 -0.0010734089999971275
020847 137.86876359234756 35.160451182707114 1.2231441497802735 0.41142120361328127 0.0001890790000004472
020888 140.01177806424934 42.68533493428772 0.5559747695922852 -0.20015087127685546 -0.002934128399999736
020892 140.92933456661015 41.74058994678514 0.6671695709228516 -0.8228425025939942 -0.0005402973999999005
020893 140.53502856530255 41.711322961702635 1.2231441497802735 -0.5337355613708497 -0.0009022305999998537
020894 141.09446916897068 41.46615755880059 1.22314453125 -1.223144245147705 -0.001633947700000249
020895 140.9838166604259 41.1996606883443 1.6679237365722657 -1.8903138160705566 -0.00035921160000000895
020896 141.38569568798167 41.16093098675579 1.5567287445068358 -1.7012824058532714 -0.0014470277999997449
020897 140.2935326695265 41.12172020619298 2.335093307495117 -1.8791943550109864 -0.0008944549999995388
020898 140.01100015308137 40.73062983076556 4.114212417602539 -1.8235968589782714 -0.0007447609999999827
020899 141.10602877244762 40.57997601632229 4.114212417602539 -3.7361495971679686 -0.002631420000000162
020901 141.33200066746113 40.50875371270484 4.670186614990234 -3.78062744140625 -0.0014161349999994854
020902 140.941597776802 40.44762753820635 5.4485515594482425 -4.303243637084961 -0.00036782200000402555
020903 141.48487258904467 40.271036318254545 7.005280685424805 -4.169809722900391 -0.0026245910000000094
020904 141.0464660298588 40.10673961584258 8.006034851074219 -5.337356376647949 -0.001439596999995274
020905 141.66219077264347 39.97094932499905 11.341882705688477 -4.581230926513672 -0.0023601249999956053
020906 141.97022679087073 39.73895764852843 14.566535568237304 -3.5804765701293944 -0.0032422788999994625
020907 141.42614790728115 39.63935935269238 14.788925170898438 -5.126086139678955 -0.00030678699999953096
020908 140.836336163078 39.55444785697545 13.121001434326171 -5.3484760284423825 -0.0003482669999982591
020909 141.29302353560774 39.4646829818207 15.122509956359863 -5.126086044311523 -0.0005165779999998677
020910 141.31169991542856 39.23536375504552 16.345654296875 -4.647947883605957 -0.0006665389999994886
020911 141.40088691687677 39.01209543697207 16.456849098205566 -3.702791118621826 -0.0006365149999993491
020912 141.14855297797922 38.9954528943302 15.789679718017577 -3.8139859199523927 0.0007361839999987296
020913 140.83321097745167 38.93402150788125 14.566535568237304 -3.8918225288391115 -0.0011689329999967414
020914 141.31790036285625 38.74320849098058 16.012069320678712 -3.269130897521973 0.0008849121000004345
020915 141.00436605264827 38.68612563675114 15.344900321960449 -3.535998725891113 0.0011104230000000825
020916 141.1607545217336 38.66061947757262 15.567289543151855 -3.4470427513122557 0.002721168700000476
020917 140.72774933355765 38.57180434939306 14.01056079864502 -2.6686782360076906 -0.001376139999999282
020918 141.30443631064907 38.509832591649946 14.344145584106446 -3.1801748275756836 0.0031659427000008122
020919 140.94370151702577 38.17711654997792 13.676975631713868 -2.8799486637115477 0.0012523837999999898
020920 140.7276895615747 37.824596391646836 12.342636871337891 -1.612326431274414 -0.0003506580000021131
020921 140.02757345303453 40.3393920822745 5.893331146240234 -2.368451976776123 -0.00042638809999999693
020922 140.40816140262243 40.18331152003463 7.227670288085937 -3.035621452331543 -0.0015601457000002483
020923 140.00550499634315 40.09969507577815 7.005280303955078 -2.8910680770874024 -0.000675756999999777
020924 140.53586783486497 39.92138516833659 9.229179191589356 -4.014136886596679 -0.001950350999999273
020925 140.05394036233525 39.527559355746035 9.673958587646485 -2.9577850341796874 -0.0016934086000006232
020926 140.59610483033467 39.508130205804264 12.231442260742188 -3.9807784080505373 -0.0017877069999997276
020927 140.27893044686857 39.296742959591136 11.56427230834961 -3.291369915008545 -0.0004961019999996097
020928 140.71507140863415 39.14619384458813 13.676976013183594 -4.347721672058105 -0.002586186999997153
020929 140.44735378327923 39.05437360530982 13.009806251525879 -3.580476665496826 -0.0015689390000005687
020930 140.18349245055188 38.93809718984308 12.120247077941894 -2.8465901374816895 -0.000995230999998853
020931 140.49728358226116 38.75214989751336 14.344145202636719 -2.5797223091125487 -0.0011605829999979278
020932 139.6745411643732 38.70116323916739 10.452322959899902 -1.6790432929992676 -0.000935405999999972
020933 140.22052637901479 38.628409429715646 12.231441688537597 -2.3128544807434084 -0.002832372000000305
020934 140.39390438334695 38.17043605715577 12.676222038269042 -2.1015841484069826 -0.0037720609999951195
020935 139.8794228458227 37.92058294740891 10.563517951965332 -0.9896347522735596 -0.0021327560000031554
020936 140.44681586473124 37.8334931748766 12.342636871337891 -0.7894839286804199 -0.0002299319999991667
020937 139.9726774483367 37.66928697301877 10.3411283493042 -0.5448550701141357 -0.0017067620000034366
020938 140.57166929689876 37.59108846524904 11.453077507019042 -1.24538311958313 -0.001563936000002286
020939 139.8355374368561 37.46128825263906 9.117984008789062 -0.0889559268951416 -0.001972417000001769
020940 140.46404938686575 37.44487001847342 10.785908126831055 -0.6782890319824219 -0.0021490140000025803
020941 139.68635800080443 37.326209646316805 8.228424453735352 0.17791190147399902 -0.0021061860000031627
020942 140.2127611685047 37.29304023582061 9.34037380218506 -0.1556729793548584 -0.0011062460000005104
020943 140.4509871257827 37.21056099347445 9.00678882598877 -0.8339619636535645 -0.000536320999998452
020944 140.71601578303776 37.18308939311066 9.451569175720214 -1.4900120735168456 -0.0009883110000032502
020945 140.37628412990958 37.02357970025889 7.6724498748779295 -0.5448551177978516 -0.0004679650000014135
020946 140.69016571181874 36.93261899710798 8.228424453735352 -1.3454586029052735 -0.0004593110000001843
020947 140.38570168452387 36.47584888425995 5.337356376647949 -0.9451568603515625 -0.000823213799999678
020948 140.03542223584734 37.12469900934291 8.228424835205079 0.033358430862426756 0.0005884690000016235
020949 139.50532352522865 36.87224696812643 6.671695327758789 0.30022625923156737 -0.0023789699999952063
020950 139.75279816592214 36.53763259962571 5.670941162109375 0.022239017486572265 -0.001393991000000483
020951 139.90251560337336 36.45657996837992 5.448551368713379 -0.23350934982299804 -0.00111912500000102
020952 139.06085981723922 36.837354842563855 5.893331146240234 0.756125545501709 -0.0013227330000063376
020954 138.84789739225437 36.59137705874997 4.781381988525391 0.5893330097198486 -0.0010234910000008312
020955 139.01671629568517 36.39534665083554 4.558991813659668 0.6894085884094239 -0.0009848930000003974
020956 139.25464504928837 36.26769135491819 4.447797203063965 0.42254066467285156 -0.0002922999999995568
020957 138.7029885986392 36.20026628195779 3.3358474731445313 0.6894084930419921 -0.0018903379999983371
020958 138.92605681558263 35.9299280564337 4.670186614990234 0.42254071235656737 0.0031324600000061766
020959 139.9684715279151 35.143802900109996 2.0015087127685547 0.4892577171325684 -0.00038804500000111375
020960 139.36606596664456 35.39148818038643 1.8903139114379883 0.811722993850708 5.2275099999832264e-05
020961 139.11145804410054 37.540340987651646 7.1164754867553714 0.24462890625 -0.002123090999998567
020962 138.634606577154 37.212113043028594 5.782135963439941 0.20015082359313965 -0.00012493299999789543
020963 139.24711726453953 37.15761546215476 7.227670478820801 0.13343386650085448 -0.0016449099999931605
020964 138.45736658360335 37.107084558494115 5.559746360778808 0.17791190147399902 -0.000804848999999308
020965 140.29649976216416 36.77895491541068 6.449305725097656 -0.8339620113372803 -0.0006174779999980728
020966 137.0264367980763 36.91950782688851 3.0022628784179686 0.2891068458557129 -0.0005532168999998532
020967 137.55133120322455 36.86434439697655 3.3358476638793944 0.6004526138305664 -0.0017679110000017317
020968 137.15447804930358 36.75795041767848 3.1134578704833986 0.5782136440277099 -0.0014227715000004082
020969 136.80640646930226 36.59209049371644 2.5574832916259767 0.6226915836334228 0.00029169299999978195
020970 137.2392279135131 36.4727997717422 3.113457679748535 0.1445533275604248 -0.0032066279999980905
020971 137.03394466203315 37.43225773051212 3.780627632141113 0.3558237552642822 -0.001298666799999637
020972 136.90877653333374 37.2264361076443 3.7806278228759767 0.21127033233642578 -0.0009916898000000174
020973 136.54067799354647 36.53726572550632 2.3350934982299805 0.4558992385864258 -0.0007863761000002967
020974 136.36164613623086 36.22956348892401 2.0015087127685547 0.6226915836334228 -0.0012756390000006946
020975 136.04895047547345 36.10973324516462 1.8903135299682616 0.11119494438171387 -0.002488421599999668
020976 136.65774224416978 35.90141422820353 1.2231441497802735 1.0229933261871338 -0.0006352330000026996
020977 136.33958177726598 35.88821681529999 1.2231441497802735 0.633811092376709 -0.001488225999997894
020978 135.75564599742282 35.48657242851445 1.2231437683105468 0.6560501098632813 -0.001557463600000375
020979 138.4442179590819 35.90493273632499 2.5574832916259767 0.7338865280151368 -0.00046927999999297755
020980 138.94999066073044 35.75387130655189 2.446288299560547 0.9562764167785645 -0.0010004449999996723
020981 138.60687034346773 35.4676921305335 2.1127035140991213 0.5448551177978516 5.5407000002105636e-05
020982 138.6242568691954 36.85668689279494 5.670940971374511 0.8784399032592773 -0.0004896619999954055
020983 138.0967323116128 36.70664693588402 3.7806272506713867 0.4114211559295654 -0.00035194399999909364
020984 138.1209505848645 36.52360413312288 3.3358480453491213 0.8117228984832764 -0.0013264779999985876
020985 138.36604729146234 36.26098776549524 3.1134580612182616 0.878439998626709 0.0004930149999950118
020986 137.7854384637919 35.944601177426826 2.0015087127685547 0.6115720272064209 0.00037239999999201246
020987 138.09570919627072 35.87841844304256 2.3350934982299805 0.5003771305084228 -0.0013586669999995139
020988 137.45088184073134 35.81555291156545 1.4455341339111327 0.867320442199707 6.527999998979794e-05
020989 137.6201586676155 35.66122832588443 1.8903139114379883 0.9229177951812744 0.0006844080000064423
020990 137.08053071416006 36.14026337457 1.8903135299682616 0.8228423595428467 0.000444074000006367
020991 136.78462185785492 35.72348803998773 1.4455339431762695 0.7005280494689942 -0.0021581959999991797
020992 137.3090953443417 35.52312898775288 1.0007543563842773 0.978515338897705 -0.0015970999999979085
020993 136.54529278395 35.4800593495279 1.0007543563842773 0.5893331050872803 -0.0015329489999999168
020994 137.2523185459305 35.30055099240312 0.8895593643188476 0.8784399032592773 -0.00028962700000079167
020995 137.5753327866172 35.10002289856018 0.7783643722534179 0.8006035327911377 -0.0003669300000069597
021001 135.08764797409074 35.419524929558506 1.000754165649414 0.5559746742248535 -0.0013427689999957692
021002 135.34070155271183 35.33345968542356 0.6671697616577148 0.7338864803314209 -0.0012720569999999042
021003 135.6342126531453 35.15518223177411 1.4455337524414062 0.9229178905487061 0.000141843999995217
021014 134.19527393077686 35.529859101977046 1.4455345153808594 0.5893331050872803 -0.0018003526000001102
021015 133.49513739368675 35.50693584378659 1.111949348449707 0.5559746742248535 -0.0007782969999993838
021016 133.86975050704615 35.493201826161204 0.889559555053711 0.4336602210998535 -0.0017197066000001371
021017 134.1559502287804 35.340591994758185 1.4455341339111327 0.6671695709228516 -0.0013362580000006118
021018 132.9219937076465 35.49191011068673 1.0007543563842773 0.2891067981719971 -0.00019189869999962638
021019 133.19208980347182 35.31069259086159 0.6671695709228516 0.7005280017852783 -0.00045121100000073967
021020 132.9026950734641 35.309725131544106 0.7783645629882813 0.15567283630371093 -0.0015912839999998596
021021 132.66901062556644 35.23307844137494 0.7783643722534179 0.4447797775268555 -0.0005119189999987839
021022 132.38556730087626 35.03190105447412 1.0007539749145509 0.06671690940856934 -0.00010057299999743918
021026 133.6807621096118 35.28295720026293 0.7783643722534179 0.6115721225738525 -0.0009242770000014389
021027 133.91269022215823 35.105025119951854 0.8895591735839844 0.2001509666442871 -0.0009922430000017357
021030 132.9020954658385 35.03521205509824 0.7783645629882813 0.3558237552642822 -0.00030907799999795315
021100 138.72730528487753 35.360770345817144 1.1119491577148437 0.3558237552642822 -0.002111349999995582
021101 136.50375862940908 35.10476182264495 1.4455341339111327 0.9006788730621338 -0.0016045009999999138
031102 138.18578566372148 35.322074808857316 1.7791187286376953 1.389936590194702 -0.001076967999995304
031127 137.8144799979416 35.77753447745393 1.4455341339111327 0.4558992385864258 -0.00021191999999246037
031128 136.7287538454856 35.405133653757936 1.8903139114379883 -0.055597448348999025 -0.0018789105999999834
041135 133.69957504097925 35.4903993517386 0.7783643722534179 0.5114967346191406 -0.004075040099999682
041138 137.5959754042869 36.57696779049631 3.3358474731445313 0.6894085884094239 -0.001337340000009135
051145 141.28323333909728 38.90192038828902 16.456849098205566 -3.413684272766113 0.0006837130999997499
061150 140.89879684201972 42.557931162541976 0.3335845947265625 0.1667923927307129 -0.0010675450000007913
071158 136.77271101237304 37.00071865963282 2.8910680770874024 0.5114965915679932 -0.0009597613000003946
071159 141.0546884789364 39.36200200229078 14.121755599975586 -5.070488548278808 -0.0004194260000019767
071162 139.53384128622673 38.51119289986304 9.451568412780762 -1.0341128826141357 -0.0033680355000001326
071163 139.27619749155727 36.60233772085609 5.337356376647949 0.3113457679748535 -0.0010784700000044723
081167 134.491499564942 35.535625161604365 1.2231441497802735 0.3113457202911377 -0.0002826589999983753
081170 135.77480939734062 35.20664928040765 1.2231443405151368 1.1008296966552735 -0.0009370860000046833
081171 139.64454750194204 35.75802890820534 3.5582374572753905 0.18903136253356934 -0.0010320835000001694
081173 141.1421797789156 41.83399424230573 0.889558982849121 -0.3113457679748535 0.0004479173000000003
091174 140.29500307156633 40.57517687390377 4.781381988525391 -2.368451976776123 -0.0010461820000017496
091175 140.99023298454932 40.921148943143706 2.6686782836914062 -2.5130053520202638 -0.0005526363999990736
091176 140.80847699385856 37.3366928663248 10.118738555908203 -1.5567289352416993 -0.0002441689999955088
091179 140.75474622953953 38.25774226882374 13.565781211853027 -2.0348671436309815 -0.0003630020000002787
091180 134.33046033177914 35.58670823691435 1.2231443405151368 0.7561254501342773 -0.0018531512999999222
101181 140.9985769975216 37.26395183693048 9.673958778381348 -1.9347917079925536 0.0004679722999995306
92106 139.08197138622228 35.00685288160474 2.1127038955688477 0.7783645153045654 9.410139999985745e-05
92110 140.08719602809933 36.106113995705826 4.6701868057250975 -0.5114965915679932 5.1766800000052625e-05
93001 139.54230591629326 36.29516272857701 5.003771591186523 0.22238988876342775 2.363199999990684e-05
93002 140.17427058058905 36.263268379847176 4.7813817977905275 -0.644930648803711 -5.979099999962045e-05
93003 139.8105321243631 36.203671681729546 5.2261615753173825 -0.18903131484985353 -5.3513199999599693e-05
93004 140.54448948228773 36.181305971641784 5.00377197265625 -1.145307731628418 0.0002261903000004395
93005 139.34517427686635 36.120951345476904 4.225407218933105 0.40030179023742674 8.850770000066178e-05
93006 140.3431563786194 36.09693573826512 5.11496639251709 -0.7894839763641357 0.0002312497999994889
93007 139.63672853109352 36.08722735963461 4.447797203063965 0.011119556427001954 -0.0005603274000002045
93008 139.79962950873087 36.01086709103097 4.225407218933105 0.0 -0.0005234588000000429
93009 140.65924144664694 35.955453865194826 5.337356185913086 -1.5122509479522706 0.000964299999999696
93010 140.40295649343463 35.970407990532514 5.22616138458252 -1.0563518047332763 0.00035052140000004786
93011 139.4642893279715 35.925504578042585 3.6694326400756836 0.30022640228271485 -0.00038743699999983506
93012 139.9927271684036 35.94029107236886 4.7813817977905275 -0.11119489669799805 -0.00025243859999974917
93013 139.6518645419477 35.93747055876438 4.336602210998535 0.011119508743286132 -6.243840000053069e-05
93014 140.14549768315914 35.87364748544713 4.558991813659668 -0.644930648803711 -0.00031485200000034295
93016 139.81281570609744 35.78021408316539 4.114212226867676 0.16679234504699708 -0.0007700626000001875
93018 140.02475899679692 35.786465663521 4.225407218933105 -0.18903131484985353 -0.0009736257000000137
93019 139.48825772837898 35.71036622671287 3.5582374572753905 0.46701869964599607 -0.0010602590000004853
93020 140.31515012696997 35.71759774861214 5.003771591186523 -0.7005279541015625 -0.0002777707000007013
93021 140.64682729886616 35.777301539164604 6.226915740966797 -1.7679994106292725 -0.0007800961000000939
93022 140.8372359103813 35.72635375735788 6.560500717163086 -1.9570306301116944 0.00043114939999995273
93023 139.9023578660429 35.675463438271805 3.8918224334716798 -0.17791190147399902 -7.10865999998589e-05
93024 140.44830526480703 35.64235265701055 4.892576789855957 -0.7561254978179932 -0.00031753640000005136
93025 140.18656665408307 35.54414360516398 3.8918222427368163 -0.12231440544128418 -0.0007470588000003886
93026 139.67335563739866 35.56340276954262 3.335847854614258 0.21127033233642578 -0.0004296955999997465
93027 140.31823962696726 35.530115263310734 4.336602210998535 -0.5003771781921387 -0.0008146199999998771
93028 139.46784374051998 35.52140904030171 2.8910680770874024 0.45589914321899416 -0.0003819690000000264
93029 139.32257893149998 35.482641268509354 2.0015087127685547 0.6226915836334228 -0.002143077000000915
93030 140.05133475686358 35.447783377322594 3.3358480453491213 -0.11119489669799805 -8.574170000059666e-05
93031 139.0451811827725 35.41535102898166 2.112703323364258 1.2565026760101319 -0.0012991929999998319
93032 139.65374976779273 35.436484271385844 2.6686782836914062 0.41142120361328127 0.00025247610000036504
93033 140.33737401191067 35.42112596294729 4.336602401733399 -0.46701879501342775 -0.0002798220000002516
93034 139.46607046666222 35.32668151233474 1.6679241180419921 0.9006789207458497 -0.00023218759999963368
93035 139.26269634430716 35.30489957218338 1.5567289352416993 1.089710283279419 0.0001040299999999661
93036 139.8255217014349 35.31170215103228 1.8903135299682616 0.34470429420471194 -0.0003342824000000633
93037 140.146793843629 35.333139289084265 3.1134578704833986 -0.2557483196258545 -0.0010221744999995507
93038 138.88165214883756 35.321603983451894 1.2231441497802735 0.5003771781921387 -0.0014431010000066635
93039 139.8435700250916 35.143709365184854 1.667923927307129 1.223144245147705 -0.0022018125000002444
93041 140.26802349581348 35.16590051178197 2.5574834823608397 -0.2779873847961426 0.0008102719999996566
93042 139.11043717265704 35.1486049897045 3.3358476638793944 1.1897857189178467 0.0008097894000002271
93043 138.90186003612516 35.1100160196307 1.22314453125 0.5114966869354248 -0.0007021238000007202
93044 140.07926931796698 35.11186069547057 1.8903139114379883 1.2342636585235596 0.0008398459999995111
93045 139.954343651185 35.25480799614054 2.446288299560547 -0.25574827194213867 0.0004170399999964047
93046 138.99792773647553 35.01482751915772 0.8895593643188476 0.811722993850708 -0.002331676000000016
93063 139.26813445539582 35.723758077782264 3.0022628784179686 0.4447797775268555 0.0005342670000004546
93064 138.97585629223093 35.623349259379076 2.6686784744262697 0.7672449588775635 -0.0011789459999988594
93065 139.15722740005225 35.610274102114644 2.1127037048339843 1.223144245147705 -0.00034308500000008736
93066 139.20486858560125 35.42851873798776 1.7791189193725585 0.4003017425537109 -0.0016246099999989382
93067 139.66483872378979 35.26709391393883 2.446288299560547 0.9340373992919921 0.00021716620000020726
93068 139.04933992849536 35.24551619530799 1.6679235458374024 0.8562009334564209 0.0009486030000061873
93069 138.44524845624963 35.44357985876606 2.335093307495117 0.12231440544128418 -0.0015584730000000491
93070 138.81403849741423 35.49658938718356 1.7791187286376953 1.1564272880554198 -0.0018647249999958148
93071 138.56343603069504 35.3620781712881 1.8903135299682616 0.46701865196228026 -0.0020586119999961737
93072 138.77067614803403 35.30553953963308 1.0007543563842773 0.4892576694488525 0.00011836000001039793
93073 138.44570041299858 35.289461534531725 2.6686782836914062 1.3454586029052735 0.0002215830000011465
93074 138.2535147873496 35.200979051947776 0.5559745788574219 1.256502628326416 6.058999999822845e-05
93075 138.6169889761131 35.20318348534722 1.3343391418457031 0.8673203945159912 -0.00147775799999863
93076 138.72154288204723 35.17359028907687 1.0007545471191406 0.9451568126678467 -0.0016675920000011502
93077 138.52471044723026 35.0674075927976 0.2223897933959961 0.8450814247131347 -0.0009428100000000939
93078 138.36869715761344 35.10345861665567 0.7783647537231445 0.7005280494689942 0.000565807999998924
93079 138.13490209922182 35.10391187238261 1.000754165649414 0.6782890319824219 -0.001278164000001425
93084 137.69523653138847 35.079292942857386 1.22314395904541 0.8562009334564209 -0.00022995900000069013
940014 141.7306707832213 42.983252943800736 0.11119461059570312 0.4447797775268555 -0.001052495300000089
940017 139.85766905507683 42.4507341492121 0.7783643722534179 0.06671705245971679 -0.0020929987999991793
940018 140.94240633120128 42.37421431329863 0.0 -0.13343400955200196 -0.0018134980000013457
940020 139.51960181161792 42.153545190961616 1.1119495391845704 -0.24462881088256835 -0.0009921770999994806
940021 140.1073246578527 42.00807378229242 1.1119491577148437 -0.5782136917114258 -0.0011264466000000084
940022 140.74782721065122 41.82607203534877 0.6671695709228516 -0.633811092376709 -0.0008588376000005837
940023 140.04065393320903 41.46637512279088 1.8903139114379883 -0.6004524230957031 0.0005591030000005048
940024 141.21327691463824 41.30077055783554 1.4455339431762695 -1.300980567932129 -0.0026565415000000315
940026 140.27298543295743 40.77898187693904 3.7806278228759767 -2.223898506164551 -0.000726221099999691
940027 141.78910454757332 40.13344376264604 9.562763595581055 -3.680552101135254 -0.0033865134999999215
940028 141.93998070850756 39.57237746066824 15.789679718017577 -3.4359232902526857 -0.002735706699999696
940029 141.20394182984197 39.11061622042102 15.900874519348145 -3.8362249374389648 0.00011071600000036596
940030 139.77615692795825 39.967899871895554 7.1164754867553714 -2.2350179672241213 -0.0005319357000004743
940031 140.04825157024501 39.3986930108023 10.563517951965332 -2.6353198051452638 -0.0016657388999988143
940032 139.80886344733284 38.8945999851022 10.452323150634765 -1.6901628494262695 -0.0017353456000002154
940033 140.31875196338467 38.75859121441066 13.565781211853027 -2.4574079513549805 -0.0024085750000011783
940035 140.36610316537102 38.33102445469468 13.5657808303833 -1.5011314868927002 -0.002516767000000186
940036 141.44119703915857 38.44918635861734 13.454586029052734 -3.1801748752593992 0.002879413000000852
940037 140.95420944660202 38.31748153437293 14.455340766906739 -2.9577850341796874 0.0020717579000006483
940038 140.9081038271762 37.80066737764924 12.676221466064453 -2.6797976970672606 0.0007416958999996836
940040 139.7915166413827 37.6436953123283 9.562763786315918 -0.07783646583557129 -0.0011844289999999092
940041 140.90253047277253 37.09071126781577 8.895594596862793 -2.301735019683838 0.00020578600000078495
940042 140.61184536918017 36.539926923839154 5.559746170043946 -1.2787416934967042 0.00039007299999980203
940043 139.72642768370116 36.401847414574796 5.448551368713379 0.011119508743286132 -0.00035444800000021813
940044 138.906261745617 36.69703586631291 5.114966583251953 0.6115721225738525 -0.0007536559999948622
940045 138.86540913956782 36.259032402330526 4.003017234802246 0.8450814247131347 -0.001292854999999804
940046 137.85112480885914 36.499766754850526 2.779873085021973 0.6226915836334228 -0.0014381820000039624
940047 137.9438087575104 35.92358085870587 2.0015087127685547 0.978515338897705 -0.0010505349999903046
940048 138.58329977057133 35.59033578556458 1.8903135299682616 0.7672450065612793 -3.6610000000791844e-05
940049 139.50957910498352 38.2306878212307 9.22917881011963 -0.756125545501709 -0.003467813899999328
940050 138.98887222212593 37.896469973015904 7.33886489868164 0.18903141021728515 -0.0013419368999997515
940051 138.5744032942483 37.39767904905933 5.559746360778808 0.622691535949707 -0.002536714200000034
940052 137.4872329573091 36.928958079732325 3.66943244934082 0.6004526615142822 -0.0011654597999992689
940053 136.8891680785935 37.38237533661623 3.891822624206543 0.27798733711242674 -0.00033351559999985627
940054 136.64994174843002 36.6634122105857 2.779873085021973 0.5893331050872803 -0.0014710264000001416
940055 136.17297590458864 36.231172828229816 2.0015087127685547 0.7005280494689942 -0.002698637299999973
940056 136.1058086938946 35.60256086042601 1.8903135299682616 0.8562009811401368 -0.0013223740000000816
940057 135.2333846631177 35.54990393754849 1.4455343246459962 0.7783644199371338 -0.001782042100000325
940058 137.34791201397778 36.13599315557389 2.001508903503418 0.9117983818054199 -0.002683374000002914
940059 137.24837437435355 35.80048395694259 1.3343391418457031 0.9340373039245605 -0.001533956000002945
940060 136.90002557700387 35.52607242990722 1.1119495391845704 0.7450059413909912 -0.0013451470000006792
940061 137.46757454663026 35.396765413901264 1.1119489669799805 1.100829792022705 -0.0013913259999981165
940062 136.15823268467187 35.09472774965707 0.6671697616577148 0.6449305534362793 -0.0021993199999997158
940063 137.04128567425994 35.128109292921174 1.1119491577148437 0.745005989074707 -0.0016807669999991503
940074 133.0586545036906 35.43387480049411 1.111949348449707 0.5893331050872803 -0.0007461081000002423
940075 132.20897599550622 35.00281187241297 0.8895591735839844 0.3780627727508545 -0.0007261197000005381
950127 140.54393819808692 42.98525208516625 0.5559741973876953 0.06671695709228516 -0.0028349524999995877
950128 141.29033250318943 42.97137784716958 0.11119518280029297 0.2001509666442871 -0.001394420999997692
950129 140.88334123674392 42.857889220755695 -0.5559741973876953 0.23350934982299804 0.0007125320000000102
950130 140.603518909904 42.80271730492895 -0.11119499206542968 0.3224654197692871 -0.0001780469999999923
950131 140.23320350630794 42.7864338988792 0.3335849761962891 0.4447796821594238 -0.002742747000000634
950132 141.86398207993693 42.72944074301949 0.3335845947265625 0.4558992385864258 -0.0003393051999999841
950135 141.07495542221687 42.66787578598246 0.0 -0.1000753402709961 -0.002256810000000087
950136 141.60225965727153 42.65552981859473 0.0 0.2779872894287109 -0.0011726963000000979
950137 140.8256837719319 42.64628979664334 0.5559747695922852 -0.22238988876342775 -0.00021931200000153696
950139 141.3614805290646 42.54980017297782 -0.11119518280029297 -0.011119461059570313 -0.0012626982000000452
950140 140.35419751271175 42.49435957594755 0.2223897933959961 0.08895587921142578 -0.0012383002999996507
950143 140.25048225066257 42.243676856374066 0.4447797775268555 -0.25574827194213867 -0.0017157885000003148
950145 140.0039472704351 42.130847893098526 0.4447795867919922 -0.5559746742248535 -0.0010179195999995728
950146 140.5687761453977 42.098671364185094 0.4447797775268555 -0.31134586334228515 -0.001646490800000322
950147 140.80554186143274 42.04296678898588 0.22238998413085936 -0.13343391418457032 -0.0006576504999998179
950149 140.3158901191459 41.59902503163682 1.4455339431762695 -0.8562009811401368 -0.0016819705999992606
950150 140.88050746019516 41.45529582857668 1.4455341339111327 -1.1786662101745606 -0.0011647209999999576
950151 140.635894864953 41.04321908124154 2.44628849029541 -1.8347163200378418 -0.0012140945999995268
950152 141.3679654182752 40.96824138728147 2.2238988876342773 -1.8235967636108399 -0.0013674278999999956
950153 141.1978349567633 40.62506585954565 3.78062744140625 -3.169055461883545 -0.0013884550000000217
950154 139.92812140621916 40.57763985825455 4.558991813659668 -1.6568044662475585 -0.0009312315999999044
950155 140.57815291854172 40.523650344218794 5.559746170043946 -2.5908416748046874 -0.0005897790000005898
950156 141.51128678961598 40.515355447297644 4.447797012329102 -3.5248791694641115 -0.00042568880000004583
950157 141.0764817521872 40.2910703632544 6.4493053436279295 -4.558992004394531 -0.0006238949999982424
950158 141.71314025952142 40.40519629636809 5.8933309555053714 -3.1356968879699707 -0.002125888399999809
950159 141.29369315254607 40.291143161403305 6.671695327758789 -4.358841133117676 -0.00032156099999838263
950160 141.46195433946818 40.048593795453996 9.896348571777343 -4.814740371704102 -0.0015288470000086817
950161 141.22507471525228 39.980568210902696 10.229933547973634 -5.003771591186523 -0.00025537599999552184
950162 141.95055505086137 39.86936436862643 12.898611068725586 -3.502640151977539 -0.0033718859999993358
950163 141.16487302440925 39.8512389138435 11.008297538757324 -5.2817590713500975 -3.6266000000750866e-05
950164 141.80386442560246 39.84916938967819 13.232196426391601 -4.158690166473389 -0.003903972999998473
950165 140.9645139176991 39.70108554942576 12.120247077941894 -5.537507343292236 0.00023813399999994544
950166 141.17211982840732 39.596564249971166 13.89936580657959 -5.581985282897949 -0.00017800999999906253
950167 141.955277882137 39.45815190790242 16.234459495544435 -3.458162212371826 -0.0017689863000001083
950169 141.53416172673093 39.33805501717565 16.90162887573242 -3.8362249374389648 -0.0016228679999983342
950170 141.79806701321937 39.2535089724091 15.789679527282715 -3.269130802154541 -0.0014871861999992575
950171 141.73987544810936 39.02377144616158 15.344899940490723 -3.0689799308776857 -0.0003972179999990999
950172 141.5726183614621 38.902849825364406 15.678484916687012 -3.11345796585083 0.0005973996999998121
950173 140.99060460895893 38.81533468105938 15.67848472595215 -3.3247282028198244 0.0006537890000004154
950174 140.80165584825912 38.74893115325305 14.677730560302734 -2.98002405166626 -0.0015167239999982485
950175 141.4494012489443 38.682689764649986 14.677730178833007 -3.0133824348449707 0.0012486351000006834
950176 141.14756755736994 38.53947315936675 15.233704757690429 -3.224652862548828 0.0023376307000006593
950177 140.85137572396047 38.41175556898611 13.788171005249023 -2.290615463256836 0.00043159129999992274
950178 140.64286745025592 38.20573973506616 13.121001434326171 -1.7124018669128418 -0.0011794219999984533
950179 140.8440107439505 38.029655165603145 13.899365615844726 -2.3684519290924073 0.001637286899999424
950180 140.44259155579186 37.98992863318382 12.453832054138184 -0.8895594120025635 -0.0013116640000021107
950181 140.5773558213432 40.32504320170101 6.560500907897949 -2.935546112060547 -0.00045688099999949825
950182 140.2636676829982 40.271152695766354 6.560500526428223 -2.5463638305664062 -0.0008773200000007364
950183 140.78734192142412 40.21543515123751 7.227670288085937 -3.991897964477539 -0.00021590700000047037
950184 140.04794297929985 40.24469079996372 6.226915740966797 -2.3795714378356934 -0.0005979670000002101
950185 140.40199614355495 40.006873530793385 8.562009048461913 -3.313608741760254 -0.0005482259999979533
950186 140.13238459964512 39.93605110134798 8.339619445800782 -2.824351119995117 -0.0006561816000001386
950187 140.5970557120531 39.74915741660001 11.67546730041504 -3.5804765701293944 -0.002097810000000777
950188 140.23422315178132 39.65830514123496 10.452323150634765 -3.291369915008545 -0.0012347946999994974
950189 140.38663614056765 39.54928766724174 11.675466918945313 -3.213533401489258 -0.0015682603000001904
950190 140.55979182592034 39.32699651527577 12.898611450195313 -3.6360740661621094 -0.0014852860000004852
950191 139.90772752720585 39.20605890178172 10.341128158569337 -2.5130054473876955 -0.0005660394999999596
950192 140.16199355820132 39.16420750174619 11.564271926879883 -3.358086681365967 -0.0014576140000031046
950193 140.6296026229094 39.05189632700943 13.676975631713868 -3.8584639549255373 -0.003776844000003621
950194 139.54766980884446 39.18555969958539 8.784399223327636 -1.7457602500915528 -0.0015320721999998455
950195 139.95738561015523 38.75971775907499 11.341882514953614 -1.8903138160705566 -0.0022978801999997247
950196 139.83177968812876 38.59403439695254 11.453077697753907 -1.8124773502349854 -0.0022397269999999024
950197 139.74226171891615 38.14617385411149 10.674712944030762 -0.867320442199707 -0.0008795059999982868
950198 140.09353982447777 37.96360567620813 11.453077697753907 -0.9451568603515625 -0.0021511019999991277
950199 140.07758749707656 38.19754171137486 11.008297538757324 -0.9006789207458497 -0.0029216840000003685
950200 140.46650329550428 37.68330650596814 11.675467109680175 -0.6226916790008545 -0.0008336820000010903
950201 140.75509258334068 37.56055123592681 11.564272499084472 -1.6012069225311278 -0.00045454899999981536
950202 140.07269249008192 37.56694676366761 10.00754337310791 0.15567293167114257 -0.0008642059999942831
950204 139.52863732117976 37.47346177012271 7.783645057678223 0.30022625923156737 -0.0026577000000031605
950205 140.66212745299632 37.32546688015574 9.78515338897705 -1.089710283279419 -0.00054048800000146
950206 139.36435537477524 37.302798348227945 7.227670097351075 0.7338865280151368 -0.0038405679999982565
950207 139.5037775093879 37.28148883908193 7.783645057678223 0.23350930213928223 -0.002469053000004351
950209 139.87143624629866 37.26107173684258 9.117984008789062 0.21127033233642578 -0.0017169749999993654
950210 140.2599389336187 37.12629344175414 8.895594215393066 -0.1667924404144287 -0.0013601209999990261
950211 140.56165390751113 37.08929409784564 8.450814628601075 -0.6449305534362793 -0.0008547889999988457
950212 140.41327955131777 36.86209149374503 6.560500717163086 -0.8006034374237061 -0.0012510020000007672
950213 140.29343183556006 36.65056602881485 6.22691593170166 -0.4114212512969971 -0.0008183459999997922
950214 140.75392443158213 36.80030740232447 7.1164754867553714 -1.6568044662475585 0.00033724769999992076
950215 140.077953178638 36.36491161647603 5.226161766052246 -0.38918228149414064 -0.0011840239999997948
950216 140.47634036688592 36.3443684746604 5.3373565673828125 -0.9785153865814209 -0.0008994604999998046
950217 140.03926424846745 36.854234254458824 7.0052801132202145 0.1445535182952881 -0.00036424900000042726
950218 139.6192540795002 36.66598350387776 6.33811092376709 0.7672450065612793 -0.0017149579999966135
950219 139.92347344459384 36.598945655346206 5.8933309555053714 0.0 -0.0008110549999997829
950220 139.22490981851206 36.76969227688013 6.004525947570801 0.6115720272064209 -0.00111610199999177
950221 138.55271743342803 36.50799581982233 3.8918224334716798 0.8784399509429932 -0.002089279999995597
950222 139.33039176035837 36.42162815933478 5.114966964721679 0.5893331050872803 -0.001855659000000287
950223 139.07568848454775 35.986891290337084 3.4470428466796874 0.8117230415344239 -0.0007583259999989877
950224 139.79599062458155 35.89596961275223 4.336602020263672 -0.06671695709228516 -0.0008393556000001468
950225 140.04809617243993 35.657205626153434 3.8918222427368163 -0.4892576217651367 -0.0015326026000003878
950226 140.3849096721726 35.24324292635125 3.0022628784179686 -0.1667923927307129 1.8476999997574239e-06
950227 139.97489011950745 35.00279149145848 1.4455341339111327 0.522616195678711 -0.0002552645999998049
950228 139.630652687429 35.663697144731394 3.224652862548828 0.33358473777770997 -6.696220000037555e-05
950229 139.1626028523705 35.33620843968519 1.22314395904541 0.6782891273498535 -0.0026222969999992072
950230 139.14241623213923 35.2685998955399 2.335093307495117 1.2898612022399902 0.00029013099999986025
950231 139.25335768742096 38.46539038791055 8.45081443786621 -1.100829839706421 -0.0014573395999995854
950232 138.5130931758112 38.31934560966262 6.560500907897949 0.31134581565856934 -0.000820811500000218
950233 138.47168736674203 38.063279185406046 6.22691593170166 0.31134581565856934 -0.0019248945000001072
950234 139.3514683858729 37.92938298574849 8.673204040527343 -0.34470429420471194 -0.0017358315999999262
950235 138.2730735052703 37.81590161177839 5.337356376647949 0.37806267738342286 -0.002151566199999877
950236 139.4778969040596 37.685905461948714 8.339619636535645 -0.1667923927307129 -0.0027620249999998235
950237 138.78051213138116 37.6675231856746 7.338865280151367 -0.011119556427001954 -0.001368637099999148
950238 139.0591275110323 37.662294808843015 7.5612548828125 0.14455342292785645 -0.0018283923000005585
950239 138.99801686517245 37.46771785243277 6.671695709228516 0.6115720272064209 -0.003120714000002067
950240 138.7899890071748 37.31131469042259 6.6716960906982425 0.4447796821594238 -1.0419000000183587e-05
950241 138.3335757950761 37.23112202483565 5.2261615753173825 0.5670941829681396 -0.00020491980000088007
950242 138.93372714421028 37.16603519861939 6.115720748901367 0.4447796821594238 -0.000589295999998285
950243 138.1001951692734 37.16079064978143 4.558992195129394 0.4892577171325684 -0.0007373349999966194
950244 138.60872903097373 37.07913399257716 5.670940971374511 0.7227670669555664 -0.001904767999997148
950245 137.87385041911043 37.04517344536396 4.114212226867676 0.7116475105285645 -0.000426562699999522
950246 138.83085086287332 36.993459620333525 5.670941352844238 0.8450814723968506 -0.000965880999996216
950247 138.1986785258615 36.86540421333993 3.7806272506713867 0.7227669715881347 -0.0003678760000070724
950248 136.99612815660876 36.74062097661281 2.779873085021973 0.5893331050872803 -0.0009660155999995368
950249 137.19519856176623 36.634336811080416 2.779873085021973 0.7672450065612793 -0.001367858100000774
950250 137.4398983000897 36.57870573058063 2.779873085021973 0.5782136440277099 -0.0015968609999958971
950251 136.9205601250675 36.40187924826263 2.223898506164551 1.100829839706421 -0.003419076000000132
950252 136.91927182544012 37.85049537790637 4.114212226867676 0.33358473777770997 -0.0016649078999996902
950253 137.27005235567412 37.44602714118657 4.336602020263672 0.4892576217651367 -0.000944462900000076
950255 136.38894404426628 36.39445632555467 2.112703323364258 0.6115720748901368 -0.002859206400000147
950256 136.63394876333555 36.1652892784155 2.223898506164551 0.8784399032592773 -0.0018458679999980633
950257 136.2789464461584 36.14561944231323 1.8903139114379883 0.5782136917114258 -0.001604100399999453
950258 136.50492503563723 35.98490818006933 1.3343391418457031 0.41142120361328127 -0.0024086350000004585
950259 135.98976450941615 35.945004871078794 1.5567289352416993 0.8228424072265625 -0.001953999999999212
950260 136.1973950605629 35.79278225219157 1.667923927307129 0.46701869964599607 -0.001918994999999768
950261 135.90764053666385 35.53440951203199 1.4455337524414062 0.9451569557189942 -0.0010781229000002667
950262 135.60888074115033 35.4627149754061 1.2231441497802735 0.9340373516082764 -0.0019449498000000177
950263 138.31639795566736 35.855979039488886 2.335093307495117 0.47813825607299804 -0.0014812050000045929
950264 138.6951338942012 35.74687551750884 2.6686782836914062 0.7116475105285645 -0.00033821199999692906
950265 138.43616985658795 36.801709050474734 4.89257698059082 0.45589914321899416 -0.001311049000003095
950266 137.8723348958679 36.70646871786129 3.6694326400756836 0.7116474628448486 0.0015832330000080219
950267 138.24747069916825 36.66515541578409 3.78062744140625 0.9117983818054199 -0.0011968130000013844
950268 138.3225267158031 36.38617691303439 3.3358476638793944 0.7672450542449951 -0.0007239799999979368
950269 138.63779985496168 36.34601410513667 3.6694326400756836 0.9340373039245605 -0.001953957000000628
950270 137.90281801151121 36.32237163791694 3.002263069152832 1.2898611545562744 -0.002084181999998691
950271 138.21648811097293 36.208467721750516 3.4470426559448244 0.7116475582122803 0.0007633789999999862
950272 138.46097569875224 36.130639962057494 2.891067886352539 0.6671695232391357 -0.0042584959999999224
950273 137.98301349825542 36.121109591706364 2.1127038955688477 0.745005989074707 -0.002439456999991307
950274 137.69626143351803 35.78361812361011 1.3343389511108399 1.0118737697601319 -0.0005462670000042635
950275 138.03831879085948 35.556130000171706 1.4455341339111327 0.9673957824707031 -0.0023153049999905307
950276 137.81523878348085 35.521092268544116 1.4455341339111327 1.1786662101745606 -0.0007531040000003486
950277 137.92527307649084 35.31714439146455 1.3343393325805664 0.867320442199707 -0.0012544320000017705
950278 137.58766951138614 35.24699947009466 1.0007543563842773 1.1119491577148437 -0.0012354389999927663
950279 137.1471741393926 36.33551078120468 2.668678092956543 1.0563518524169921 -0.0017874800000072355
950280 136.95276435245322 36.03304870829902 1.5567289352416993 0.867320442199707 -0.0016686980000031326
950281 137.53486873903233 35.97345841212598 1.6679241180419921 0.6449306011199951 -2.8640000004998e-05
950282 136.86318265173347 35.86694139363948 1.5567289352416993 0.5893331527709961 -0.0012561439999956292
950283 136.9753031516508 35.75778320012562 1.2231441497802735 0.8450814723968506 -0.0017852390000030027
950284 137.42477414538004 35.6571894886661 1.22314395904541 0.9451569080352783 -0.0008141550000004827
950285 136.4887689023535 35.63615338822653 1.2231441497802735 0.7894838809967041 -0.0013378369999998085
950286 136.61139549394855 35.63289784793719 1.5567291259765625 0.8228423595428467 -0.0016230839999991531
950287 137.17414606411214 35.61208667994856 1.0007543563842773 1.0341127395629883 -0.002087435999999343
950288 136.68728360653225 35.48832464000227 1.111949348449707 0.9451568603515625 -0.0016088406999998028
950289 137.12468863125957 35.47870073348051 1.1119491577148437 1.0229933261871338 -0.00085287400000027
950291 136.5497440244622 35.371709802993664 1.000754165649414 0.8006034374237061 -0.0017944169000003285
950292 137.11023274457423 35.367372495636495 1.0007543563842773 0.8006034374237061 -0.001828236999998012
950293 137.40560748465398 35.26196731642052 1.0007547378540038 0.8228425025939942 -0.0012883699999974851
950294 136.59344589742452 35.227905840598204 1.0007543563842773 0.8784399032592773 -0.0020091964000002347
950295 137.98041640867663 35.03151837412024 0.2223897933959961 1.3565781116485596 -0.002983836000004203
950298 136.92997982648646 35.33476088411897 1.1119491577148437 0.8895594120025635 -0.0007946587999995813
950299 136.8288334708079 35.19010686269426 0.889559555053711 0.7005280494689942 -0.0014648635000000354
950300 137.2535636017115 35.13875295347759 0.8895593643188476 0.9451568603515625 -0.001827404000002275
950301 137.31316496067254 35.03946515568572 0.7783647537231445 1.0341127872467042 -0.0010532299999965744
950317 136.19794673906662 35.557331504034266 1.1119489669799805 0.7672449588775635 -0.001979080000000977
950318 136.05366712694826 35.466286795730724 1.3343389511108399 0.6449305534362793 -0.001516997999999603
950319 135.91320876801308 35.35125491125289 1.0007543563842773 1.0452322483062744 -0.0025858989999989037
950320 136.06282851133946 35.31897490008734 1.0007539749145509 0.4003016948699951 -0.0016500659999991285
950321 136.23561445826564 35.26944124876753 0.8895593643188476 0.9896347999572754 -0.002018814000001612
950322 135.87080919934237 35.137040124424495 1.3343393325805664 0.8562010288238525 -0.0019281820000003336
950327 135.1732162542599 35.75235304991239 1.4455339431762695 0.745005989074707 -0.0005047509999997146
950328 134.93228682259672 35.55568158523972 1.2231441497802735 0.5559746265411377 -0.0018399071000004597
950329 135.1640355032179 35.29233641169722 0.8895587921142578 0.8339618682861328 -0.0014873670000000061
950331 135.36690575904066 35.16378699932573 0.8895591735839844 1.1119491577148437 -0.0013028950000034457
950332 135.56452306929557 35.07758200803427 0.7783643722534179 0.6226916313171387 -0.0024852600000002667
950341 134.58249464574297 35.43674684534844 0.22238998413085936 0.5670941352844239 -0.0012582080000015593
950342 134.81850326171005 35.31489832239549 1.111949348449707 0.5003771781921387 -0.0024960870000029444
950344 134.5859601688557 35.094454171986506 1.3343393325805664 0.6226915836334228 -0.0020693370000003596
950345 134.97258910703349 35.09078461796906 0.7783645629882813 0.5337356090545654 -0.0021149739999998473
950378 134.0466707898637 35.45675479705739 1.4455341339111327 1.0229933261871338 -0.000798055999999292
950379 133.4390724195987 35.34553550297089 0.6671695709228516 0.43366031646728515 -0.0028632950000002213
950380 134.23736794694557 35.26586268531271 0.7783641815185547 0.7116475105285645 -0.0030613319999986286
950381 133.30853272719514 35.16457472371537 0.7783643722534179 0.8339619636535645 -0.0011378969999952914
950382 133.23988078244358 36.28529009673298 1.5567287445068358 1.134188175201416 -0.0019756907999990856
950383 132.9843792755408 36.09320958355832 0.8895593643188476 0.7005280494689942 -0.001397278800000379
950384 132.7432146558393 35.39261485250961 1.0007547378540038 0.6338111400604248 -0.0022601934000000766
950385 132.99542376581482 35.19561314670633 1.0007543563842773 0.13343396186828613 -0.00211331399999608
950386 132.50732220247843 35.18595412294454 1.1119491577148437 0.4336602210998535 -0.0015394926000013242
950387 132.72050602546025 35.01977308117602 0.5559745788574219 0.35582385063171384 -0.001791520000000446
950389 133.79247734025904 35.26353853634875 1.2231437683105468 1.0341127395629883 -0.0009638999999992848
950390 134.3196405958369 35.09964123335765 0.7783643722534179 1.1897857189178467 -0.001325506000000587
950391 134.23477038051456 35.020881496974134 0.7783643722534179 0.5893331050872803 -0.0020942390000016076
950392 133.7345024698851 35.00296134338322 0.7783643722534179 0.7672450542449951 -0.0006499019999978373
95105 139.17103514883752 35.040627876360354 0.0 0.7005280494689942 -0.0021373292999996353
960522 141.5774164214567 42.884431040246234 -0.2223897933959961 0.25574827194213867 -0.0008812100000000101
960523 141.4070931098171 42.7731892530206 0.0 0.122314453125 -0.0012498300000004293
960525 140.76762324077006 42.551378986066865 0.22238998413085936 -0.04447793960571289 -0.0004692809999994552
960526 140.87637246316106 42.47390122414542 0.3335845947265625 0.24462890625 -0.001546471500000024
960527 139.44615065742755 42.060503880521146 1.0007543563842773 -0.4781381607055664 -0.0024873947999999755
960528 140.66686876572243 42.123142410259995 0.3335847854614258 -0.1000753402709961 -0.0011594285000001037
960529 140.71543714807126 41.976685806976384 0.6671693801879883 -0.4447796821594238 -0.0015710339999998268
960530 140.07123096226886 41.80302607013365 1.0007545471191406 -0.6782891273498535 -0.001363016300000197
960533 141.44758892041355 41.40470451571616 1.2231441497802735 -0.7005280494689942 -0.0013786856999999486
960534 140.49076933425985 41.18507638347408 2.112703323364258 -1.4677730560302735 -0.0016564647999999238
960535 140.82198753131834 41.145543936708165 2.001508331298828 -2.0682255744934084 -0.0014194158999998763
960537 141.13181033758102 40.86235775811385 2.6686782836914062 -2.891068172454834 -0.00022482230000093751
960538 140.58922914798538 40.7062724252185 3.78062744140625 -2.468527317047119 -7.651100000316547e-06
960539 141.37621427790393 40.676394562812064 3.5582374572753905 -3.0578604698181153 -0.0002394092999992381
960540 140.4785321923632 40.62434200672769 4.447797012329102 -2.702036666870117 0.00024646880000034344
960541 140.80335195083794 40.64356294488932 4.558992195129394 -3.3692062377929686 -0.0006856139999968036
960542 140.45156849130643 40.91017441633469 3.1134580612182616 -2.0682256698608397 -0.0008815142999999637
960543 141.06634030172455 39.953073353044 9.117984199523926 -4.9259352684021 -0.0006475890000047002
960544 140.7691995090622 39.35129322006522 13.454586410522461 -4.403318977355957 -0.0014152469999999084
960546 141.57550391237885 39.14308296075865 16.568044090270995 -3.5248791694641115 -0.0011211660000000733
960547 141.6753050642635 39.59611625561332 15.567289543151855 -4.203168296813965 -0.0025108110000019225
960548 140.84787999835015 38.54621509750521 14.45534019470215 -2.813231658935547 -9.936919999944393e-05
960549 141.21293969866454 38.425050124420046 14.566535377502442 -3.1912943840026857 0.002673479099999554
960550 141.50072189044468 38.30117733556857 12.565026473999023 -3.157935905456543 0.0009647610000001805
960551 139.84894288652487 39.89113095510534 7.783644676208496 -2.2461376190185547 -0.0004682521000006545
960552 140.04473202664258 39.82580486584776 8.56200942993164 -2.7909927368164062 -0.0006873658000003501
960553 140.7328618480583 39.702675051902034 12.453831672668457 -3.5915960311889648 -0.002301378999999315
960554 140.50670563416432 39.1990911271406 12.787416648864745 -3.458162212371826 -0.0024232569999981025
960555 139.92750763846544 39.01596847517954 10.674712944030762 -2.3350934982299805 -0.001975412299999846
960556 140.36517035381573 38.496765841084226 13.565781211853027 -1.6901628494262695 -0.003001937999999882
960557 140.27115462330735 38.14809415509824 11.897857666015625 -1.2120246410369873 -0.0020430940000011333
960559 140.20566625368713 37.61595187241082 10.785907745361328 0.14455337524414064 -0.0015001499999925728
960560 140.37291436260386 37.62072862335969 11.23068733215332 -0.022239017486572265 -0.00023183199999721182
960561 140.13588922984493 37.42450663325628 10.00754337310791 0.4336601734161377 -0.0011678139999958149
960563 139.5861691689695 37.09724869796318 7.672450065612793 0.42254066467285156 -0.0020615039999938743
960564 139.46169569524668 38.056182112609946 8.45081443786621 -0.4225407600402832 -0.0030458679999995296
960565 138.36988819678905 38.02368674703896 6.004526138305664 0.2891067981719971 -0.002054773799999765
960566 138.70694453003614 37.53583135067337 6.115721130371094 0.23350930213928223 -0.001882688499999574
960567 138.51637459184425 37.348538942302596 5.670941352844238 0.3558237552642822 -0.0008583793999996203
960568 139.02025961171597 37.31987028119914 6.560500907897949 0.5782135486602783 -0.003164749000001166
960569 138.24259069919233 37.056681438719565 4.558991432189941 0.4336602210998535 -0.00042865049999960545
960570 137.89387489828025 36.950871481933454 4.0030170440673825 0.6004525661468506 -0.0017110919999993256
960571 139.07391735558284 37.75206347040536 7.338865280151367 0.07783641815185546 -0.0016151534999998773
960572 137.36951786544032 36.73695825380793 3.3358474731445313 0.633811092376709 -0.0016334856000000287
960573 137.03190069634027 36.649561909599974 2.779873085021973 0.6226916313171387 -0.0017922648000009644
960574 137.13854694403742 37.306969825241254 4.225407218933105 0.35582385063171384 -0.002632106999999451
960575 136.71876300934082 37.15674439994335 3.0022632598876955 0.24462876319885254 -0.0016729576000003021
960576 136.99607129160157 37.12315622580128 4.114212417602539 -0.07783646583557129 -0.0017817469999997116
960577 136.7556534065873 36.817478612708506 2.8910682678222654 0.4114211559295654 -0.0019477983000001585
960578 136.60533561208757 36.370068966303144 2.335093688964844 0.7672449588775635 -0.0016472010000001091
960579 136.18499348917717 35.96888721886886 1.4455337524414062 0.7227670669555664 -0.003303928500000097
960580 136.0559840924173 35.83684116254202 1.4455341339111327 0.633811092376709 -0.0029140272000006463
960581 140.4976077983459 36.7430253236427 6.449305725097656 -1.1230687141418456 -0.001410942999996223
960582 139.98777226958967 36.30070471171336 5.114966773986817 -0.3224652767181396 -0.0003653201000005879
960583 139.93150422537659 36.11481326541726 4.670186996459961 -0.044477987289428714 -0.0005813032999995472
960584 140.20244939689692 36.031338983745385 4.781381607055664 -0.5782137393951416 -0.00021407659999965744
960586 139.80575668973253 36.97958136893625 7.45005989074707 0.21127047538757324 -0.0008945300000050338
960587 139.8542649254364 36.776371356424164 6.449305725097656 0.3224652767181396 -0.0012056040000004487
960588 140.15769841951143 36.6924546873787 6.33811092376709 -0.2223897933959961 -0.0009468079999976453
960589 139.4905967803173 36.624174241841246 6.338110733032226 0.5114967346191406 0.0006986099999949147
960590 140.1793159808924 36.54221509871234 5.559746170043946 -0.7783644676208497 -0.0009064219999999068
960591 138.59144967410907 36.61631796885896 5.003771591186523 1.0007543563842773 4.380999998829793e-05
960592 139.06664539820088 36.23467072459316 4.447797203063965 0.6671695232391357 0.0003047559999998839
960593 138.91242222388644 36.14275368901575 3.6694326400756836 0.811722993850708 0.0004848659999993288
960606 138.69038298223808 35.64951852051968 2.3350934982299805 0.8784398555755615 -0.0004781859999980043
960607 139.02577795251207 35.5118682016102 2.44628849029541 0.522616195678711 -0.0027246810000065127
960608 137.98455266494668 36.23902972983557 3.558237838745117 1.9347917079925536 0.0012362829999915449
960609 137.87175225621533 36.22836934831768 3.5582374572753905 0.4447797775268555 0.0027496770000084323
960610 138.4992838953744 36.28471375376022 3.335847282409668 1.256502628326416 -0.0018736269999976684
960611 137.68262882737875 36.084663547503894 1.5567289352416993 1.0897103309631349 -0.0005780700000059368
960612 138.21448619390753 36.02616327443318 2.5574832916259767 0.9006788253784179 -0.0012621500000022934
960613 138.5830292681076 35.97414749533707 2.223898506164551 0.7561254978179932 -0.0020102200000110316
960614 137.59827532348226 35.880003175789994 1.3343393325805664 1.0118738174438477 -0.0004465950000053454
960615 137.98389075545853 35.72629333001491 2.335093307495117 0.9117984771728516 -0.0014224679999983892
960616 137.67639847921754 35.34373426261913 0.7783643722534179 0.733886432647705 -0.0011518000000023676
960617 136.90427190333006 36.26146817309701 2.3350934982299805 0.978515338897705 -0.0010051869999983865
960618 137.36302196658588 36.285642757672214 2.335093307495117 1.2342637062072754 -0.0016424239999992096
960619 137.20067042194162 35.91163470375108 1.5567289352416993 0.8006034374237061 -0.0028618069999993166
960621 138.92835610490692 35.204394830678105 1.2231441497802735 0.45589914321899416 0.0001019579999990583
960626 138.9068945447798 35.04724339474095 0.3335845947265625 0.1667924404144287 -0.0027629711999999527
960627 140.08631298402 36.10363478067774 4.558992004394531 -0.30022635459899905 -0.0002298151999994502
960629 137.07356656745603 35.23908659391478 0.6671697616577148 0.9006788253784179 -0.0011396899999994048
960630 136.96580217969807 35.16842178731845 0.889559555053711 0.7894839763641357 -0.0007492593999998576
960633 136.69425147607242 35.050911415205874 0.7783643722534179 0.7561254501342773 -0.0009917721999997298
960638 136.26474738756653 35.42035693575675 1.1119495391845704 0.811722993850708 -0.002417927000001896
960639 136.04120008556532 35.0857237540077 0.5559743881225586 0.7894840717315674 -0.0013816980000001422
960640 135.03404906412968 35.68507800262674 1.4455341339111327 0.6004525661468506 -0.001178612700000059
960641 135.41583176156533 35.48221431706421 1.2231443405151368 0.8895594596862793 -0.0018784240000002228
960642 135.54952356428527 35.27585962303053 1.4455339431762695 1.1675467491149902 -0.0007353080000001456
960643 135.7733036372818 35.05313674987733 1.2231443405151368 0.8673203945159912 -0.001337005999999974
960645 134.67737970255413 35.62120155011682 0.889559555053711 0.7116475105285645 -0.0013906841999997254
960646 134.72871256251705 35.461262113225004 1.3343389511108399 1.3121001720428467 -0.0012351490000000354
960647 135.02203518444662 35.23788007451829 1.2231441497802735 1.0563518047332763 -0.0023038029999980837
960648 134.77122250766683 35.162743264048515 1.0007543563842773 0.7894840240478516 -0.0015168810000034227
960654 133.3396867695343 35.43601028761652 0.6671693801879883 0.811722993850708 -0.0007323081999999204
960655 134.32528022349697 35.361442567481745 1.111949348449707 0.8339619159698486 -0.0008849479999980759
960656 133.13788892654614 35.56353463932204 1.3343389511108399 0.9117983818054199 -0.0007213436999997213
960660 133.56399130757333 35.16966158724749 0.7783649444580079 0.4447795867919922 -0.002076433999991423
960752 139.05673981172143 36.53925917412097 5.003771591186523 0.7116475105285645 -0.0006169470000031652
960753 139.26933186564477 36.00373547240954 3.780627632141113 0.4447796821594238 -0.00038634699999988696
960754 139.18220099934842 35.88404864628805 3.0022634506225585 0.4892576694488525 -0.0005856440000002294
960755 139.36597292816626 35.80080221218034 3.3358476638793944 0.5782135486602783 -0.00043967100000088524
960756 140.24916240998732 35.28838329539405 3.002263069152832 0.3002263069152832 -0.0007924232000007692
960758 139.36989965441882 35.61642830726937 2.6686786651611327 0.46701869964599607 -0.0004069610000016155
960759 139.6138441097783 35.160866862492924 2.223898506164551 1.5567289352416993 -0.0017614593000004676
970792 141.08105849181194 42.420546604415506 -0.11119499206542968 0.24462881088256835 -0.0007312782999996159
970794 140.37123575585838 41.93485172704398 0.7783643722534179 -0.5448552131652832 -0.0012568610000016633
970795 141.45260421683423 39.849010390643244 12.45383186340332 -4.892576789855957 -0.001676095000004807
970796 140.98847595869182 39.12700021817663 14.344145393371582 -4.069734382629394 -0.0020592759999999545
970797 140.64565837417388 37.984404586712586 13.009806251525879 -1.3565781116485596 -0.0002625919999999837
970798 140.82291647829337 40.044970304534154 8.673204231262208 -4.503394603729248 -0.0011276739999971142
970799 140.0946472957234 38.43433964408584 11.897857093811036 -1.3121001720428467 -0.003752167999999756
970800 140.84166353387417 37.01844635489194 7.783644676208496 -2.012628126144409 -0.0006666370000004918
970801 139.4022408768104 37.036934467190434 7.5612548828125 0.18903145790100098 -0.0003458070000078806
970802 138.94482297319212 36.77806112697538 5.337356185913086 0.8228424072265625 -0.0006119699999999284
970803 140.19993289799518 38.288979597319106 11.897857093811036 -1.1786663055419921 -0.0025544860000024983
970804 139.52192543910172 35.419268708777615 2.6686782836914062 0.8784399032592773 0.00035308289999989027
970805 139.22603795284886 37.828158754107754 7.5612548828125 -0.2891068458557129 -0.0026862422999997192
970806 138.8804488656026 37.77698969485113 6.560500526428223 0.4336602210998535 -0.0020141537999997182
970807 138.7795470433012 37.49865604315927 6.226915740966797 0.5337356567382813 -0.0013474830000006933
970809 138.45682125730488 35.67369350088284 2.0015085220336912 0.8562008380889893 -0.0010848940000016682
970810 138.92028608424593 37.58973635614726 6.782890510559082 0.4114212512969971 -0.0016773273000005417
970811 137.52878190022662 35.57509245545817 1.4455341339111327 1.078590726852417 -0.0014603280000017095
970812 136.47030642486834 35.359730954525986 1.0007547378540038 1.0007543563842773 -0.000998260000000073
970813 138.97386891933155 35.11416698962728 0.5559745788574219 0.12231450080871582 2.264800000091327e-05
970815 138.60997503009477 35.11715276417185 0.5559745788574219 0.4003016948699951 -0.0003096664000004523
970817 138.2099847476874 35.06697438884411 0.889559555053711 -0.633811092376709 -0.0007282400000008238
970818 138.08168518738697 35.04488392567531 1.4455341339111327 0.3780627727508545 -0.0010916879999967933
970822 136.78882515428415 35.30083743492725 0.889559555053711 0.7783644676208497 -0.001141043800000574
970823 134.58821060926005 35.28334325001636 0.8895591735839844 1.1564271926879883 -0.001695735999999215
