station lon lat east_vel north_vel up_vel
000843 134.04954669711648 35.174887007614544 3.558237648010254 -0.11119494438171387 0.0009532739999997375
010844 140.81054264588744 40.83440299266197 5.00377197265625 -3.3136088371276857 0.0010341016999994678
010845 140.32440608399125 37.36182224068101 10.229933166503907 -0.978515338897705 0.0014807659999974021
020847 137.86876359234756 35.160451182707114 2.335093307495117 -0.10007553100585938 0.0009371380000004592
020888 140.01177806424934 42.68533493428772 2.6686779022216798 -2.0237476348876955 0.0014675159000006488
020892 140.92933456661015 41.74058994678514 2.557483100891113 -1.83471622467041 0.00037694769999987445
020893 140.53502856530255 41.711322961702635 3.224652862548828 -2.0237476348876955 0.0010984731000000636
020894 141.09446916897068 41.46615755880059 3.002263069152832 -2.32397403717041 0.001006678299999919
020895 140.9838166604259 41.1996606883443 3.66943244934082 -2.6909173011779783 0.0014671047999996745
020896 141.38569568798167 41.16093098675579 3.0022628784179686 -2.3128544807434084 0.00040832569999977865
020897 140.2935326695265 41.12172020619298 4.336602020263672 -2.590841770172119 0.0019678394000010257
020898 140.01100015308137 40.73062983076556 4.558992004394531 -3.4470428466796874 -3.335199999980887e-05
020899 141.10602877244762 40.57997601632229 5.337356185913086 -4.592350482940674 -0.0008304970000011736
020902 140.941597776802 40.44762753820635 6.560500907897949 -4.859218311309815 -6.885599999577608e-05
020903 141.48487258904467 40.271036318254545 7.227670097351075 -4.81474027633667 -0.0001414539999984754
020904 141.0464660298588 40.10673961584258 9.117984008789062 -6.4159472465515135 4.490399999781403e-05
020905 141.66219077264347 39.97094932499905 10.785907745361328 -4.536753082275391 0.0016978059999985362
020907 141.42614790728115 39.63935935269238 14.677730178833007 -5.493029308319092 0.0012156839999988734
020908 140.836336163078 39.55444785697545 13.232196235656739 -6.393708229064941 0.002245045999995909
020909 141.29302353560774 39.4646829818207 14.455340576171874 -5.98228702545166 0.0018014109999995754
020910 141.31169991542856 39.23536375504552 17.235213661193846 -5.782136154174805 0.0036767810000014832
020911 141.40088691687677 39.01209543697207 17.679993629455566 -4.703545379638672 0.002751656999998886
020912 141.14855297797922 38.9954528943302 16.679238891601564 -4.848098850250244 0.0031379139999984317
020913 140.83321097745167 38.93402150788125 14.7889253616333 -4.9815326690673825 0.0013849050000089846
020914 141.31790036285625 38.74320849098058 17.124018669128418 -4.67018690109253 0.004210816100000158
020915 141.00436605264827 38.68612563675114 16.23445930480957 -4.42555799484253 0.002927008999999714
020916 141.1607545217336 38.66061947757262 16.790433883666992 -4.158690357208252 0.0020925769999998066
020917 140.72774933355765 38.57180434939306 14.566535377502442 -3.7027910232543944 0.0009310909999982186
020918 141.30443631064907 38.509832591649946 15.567289733886719 -4.036375856399536 0.0034998786000002722
020919 140.94370151702577 38.17711654997792 14.677730178833007 -3.9585393905639648 0.004226241200000658
020920 140.7276895615747 37.824596391646836 12.898611640930175 -2.7465147018432616 0.0016914640000038617
020921 140.02757345303453 40.3393920822745 6.782890129089355 -4.214287757873535 0.00047997220000013386
020922 140.40816140262243 40.18331152003463 8.006034660339356 -4.314363098144531 0.0011166577999986772
020923 140.00550499634315 40.09969507577815 7.338865280151367 -4.14757080078125 0.0007649737000001266
020924 140.53586783486497 39.92138516833659 10.3411283493042 -5.793255615234375 0.00012815599999953519
020925 140.05394036233525 39.527559355746035 11.897857093811036 -5.014891147613525 1.6047300000820997e-05
020926 140.59610483033467 39.508130205804264 12.565026473999023 -6.6494566917419435 0.0010125229999999874
020927 140.27893044686857 39.296742959591136 12.453831672668457 -5.15944471359253 0.0023547849999999925
020928 140.71507140863415 39.14619384458813 14.455340766906739 -6.015645503997803 -0.0012944230000016433
020929 140.44735378327923 39.05437360530982 13.67697582244873 -5.03713026046753 0.0018994880000008153
020930 140.18349245055188 38.93809718984308 13.121001434326171 -4.447797107696533 0.0023370429999999944
020931 140.49728358226116 38.75214989751336 15.789679336547852 -3.8139861106872557 0.0017127759999993942
020932 139.6745411643732 38.70116323916739 10.785908126831055 -2.8354705810546874 -0.0025225107000004243
020933 140.22052637901479 38.628409429715646 14.344145393371582 -2.86882905960083 -0.0005575909999947726
020934 140.39390438334695 38.17043605715577 14.121755790710449 -4.514514017105102 -0.0005545860000097491
020935 139.8794228458227 37.92058294740891 11.45307731628418 -2.5130053520202638 0.0014277240000012625
020936 140.44681586473124 37.8334931748766 12.120246696472169 -1.4232950687408448 -0.0014228009999982306
020937 139.9726774483367 37.66928697301877 11.45307731628418 -0.7672450542449951 0.00019162300000061805
020938 140.57166929689876 37.59108846524904 11.45307731628418 -2.1571815967559815 0.001013001999996277
020939 139.8355374368561 37.46128825263906 10.56351833343506 -1.223144245147705 0.0024748710000039864
020940 140.46404938686575 37.44487001847342 11.897856903076171 -1.445534086227417 0.0006151610000017626
020941 139.68635800080443 37.326209646316805 9.340373992919922 -0.5559746265411377 0.002353221999999278
020942 140.2127611685047 37.29304023582061 9.896348571777343 -0.9340373992919921 -0.000397205000001577
020943 140.4509871257827 37.21056099347445 9.340373611450195 -1.4121755599975585 0.0018904609999992772
020944 140.71601578303776 37.18308939311066 9.117984008789062 -2.524124813079834 0.0009174560000019483
020945 140.37628412990958 37.02357970025889 8.562009620666505 -1.49001202583313 0.0007828499999959603
020946 140.69016571181874 36.93261899710798 7.561255073547363 -2.057106113433838 0.0008946420000000898
020947 140.38570168452387 36.47584888425995 5.782136154174805 -2.1127036094665526 0.0009152237999998647
020948 140.03542223584734 37.12469900934291 9.340373611450195 -1.1119492053985596 0.0017816009999933157
020949 139.50532352522865 36.87224696812643 7.783644676208496 -0.6449305534362793 0.0001789800000096875
020950 139.75279816592214 36.53763259962571 5.448551750183105 -1.5900874614715577 0.00026153199999896516
020951 139.90251560337336 36.45657996837992 5.893331146240234 -1.1119492053985596 0.0010293250000003695
020952 139.06085981723922 36.837354842563855 7.5612548828125 -0.46701865196228026 0.0003210159999980533
020954 138.84789739225437 36.59137705874997 6.004525947570801 -0.3224652767181396 0.0013461299999960375
020955 139.01671629568517 36.39534665083554 5.114966773986817 -1.2120246410369873 0.00019371699999908286
020956 139.25464504928837 36.26769135491819 4.89257698059082 -1.4900120735168456 0.000952021099999456
020957 138.7029885986392 36.20026628195779 4.670186996459961 -0.9117983818054199 -0.0015219510000065383
020958 138.92605681558263 35.9299280564337 7.783644676208496 -0.20015082359313965 -0.007840009999995345
020959 139.9684715279151 35.143802900109996 3.1134580612182616 -0.4781381607055664 0.000649377999999956
020960 139.36606596664456 35.39148818038643 3.1134580612182616 -0.055597448348999025 0.0015756492000001288
020961 139.11145804410054 37.540340987651646 9.451568603515625 -0.6338111400604248 -0.00026935400000240863
020962 138.634606577154 37.212113043028594 7.561255073547363 -0.5559746265411377 0.003359715999999935
020963 139.24711726453953 37.15761546215476 8.784399223327636 -1.4121755599975585 0.0013410079999971458
020964 138.45736658360335 37.107084558494115 7.338865280151367 -0.4892577171325684 0.002181830000000673
020965 140.29649976216416 36.77895491541068 6.782890510559082 -1.490011978149414 0.00123972200000253
020966 137.0264367980763 36.91950782688851 4.781381607055664 -0.5448551654815674 0.00014628790000017488
020967 137.55133120322455 36.86434439697655 5.559746551513672 -0.3558237552642822 0.0013039849999984198
020968 137.15447804930358 36.75795041767848 4.447797012329102 -1.3343391418457031 0.0012181044000001862
020969 136.80640646930226 36.59209049371644 4.558992195129394 -1.0897102355957031 0.0010526440000006687
020970 137.2392279135131 36.4727997717422 4.558992004394531 -0.5114966869354248 0.000447742000000062
020971 137.03394466203315 37.43225773051212 6.671695518493652 -1.0341127872467042 0.0006857203999999228
020972 136.90877653333374 37.2264361076443 5.670940780639649 -0.13343396186828613 0.0006371768000001055
020973 136.54067799354647 36.53726572550632 2.5574832916259767 -0.6115720272064209 -0.0005565548999996395
020974 136.36164613623086 36.22956348892401 3.335847854614258 0.6894084930419921 4.157000000049038e-05
020975 136.04895047547345 36.10973324516462 1.6679241180419921 -1.4566535472869873 0.0003634183000002622
020976 136.65774224416978 35.90141422820353 2.5574832916259767 -0.8784399032592773 -2.404799999453644e-05
020977 136.33958177726598 35.88821681529999 2.891067886352539 -0.745005989074707 0.001030337000003101
020978 135.75564599742282 35.48657242851445 2.6686779022216798 -0.5226161003112793 -0.001249687399999999
020979 138.4442179590819 35.90493273632499 3.66943302154541 0.12231450080871582 0.0022000799999887023
020980 138.94999066073044 35.75387130655189 3.891822624206543 -0.444779634475708 0.0002176079999912872
020981 138.60687034346773 35.4676921305335 3.447042465209961 -0.4003016471862793 0.0008243179999908534
020982 138.6242568691954 36.85668689279494 6.894085502624511 -0.7561254978179932 0.001932722999993075
020983 138.0967323116128 36.70664693588402 5.448551177978516 -0.2001509189605713 0.002115513999990526
020984 138.1209505848645 36.52360413312288 5.22616138458252 -0.3669432163238525 0.0025130699999976968
020985 138.36604729146234 36.26098776549524 4.558992195129394 -0.12231440544128418 0.0014651960000037433
020986 137.7854384637919 35.944601177426826 3.5582374572753905 -0.11119494438171387 0.0009969100000034813
020987 138.09570919627072 35.87841844304256 3.780627632141113 -0.46701860427856445 0.0009516640000015286
020988 137.45088184073134 35.81555291156545 3.1134580612182616 -0.4558992385864258 0.0005421900000101232
020989 137.6201586676155 35.66122832588443 2.779873085021973 -0.5114966869354248 0.0006663969999976871
020990 137.08053071416006 36.14026337457 3.224652862548828 -1.8903137683868407 -0.00019979500000317786
020991 136.78462185785492 35.72348803998773 2.335093307495117 -0.5782136917114258 0.002694203999999445
020992 137.3090953443417 35.52312898775288 2.779873085021973 -0.14455337524414064 0.00046083500000122514
020993 136.54529278395 35.4800593495279 1.8903139114379883 -1.1119493007659913 0.002859818000000303
020994 137.2523185459305 35.30055099240312 2.6686782836914062 -0.17791190147399902 0.0007573239999999259
020995 137.5753327866172 35.10002289856018 2.112703323364258 -0.14455342292785645 0.0012482559999966725
021001 135.08764797409074 35.419524929558506 3.224652862548828 0.0889559268951416 0.0006271079999976336
021002 135.34070155271183 35.33345968542356 3.224652862548828 -0.3558237075805664 0.00031272900000089976
021003 135.6342126531453 35.15518223177411 2.8910682678222654 -0.2779872894287109 -0.00019752000000039516
021014 134.19527393077686 35.529859101977046 3.224652862548828 -0.42254066467285156 0.0008335076000001607
021015 133.49513739368675 35.50693584378659 3.66943302154541 -0.26686782836914064 0.0004418839999999591
021016 133.86975050704615 35.493201826161204 3.5582374572753905 -0.26686782836914064 2.669980000007399e-05
021017 134.1559502287804 35.340591994758185 3.4470426559448244 -0.3669432163238525 0.0022346320000025343
021018 132.9219937076465 35.49191011068673 3.6694326400756836 -0.47813825607299804 0.0008127857000005178
021019 133.19208980347182 35.31069259086159 3.5582374572753905 -0.2779872894287109 -0.00029302000000086537
021020 132.9026950734641 35.309725131544106 3.335847854614258 -0.18903136253356934 0.0005224738000009666
021021 132.66901062556644 35.23307844137494 3.1134578704833986 -0.3669432640075684 0.0001151089999979149
021022 132.38556730087626 35.03190105447412 2.8910680770874024 -0.22238988876342775 4.547399999523805e-05
021026 133.6807621096118 35.28295720026293 3.1134578704833986 -0.14455342292785645 -0.00016901300000427
021027 133.91269022215823 35.105025119951854 3.0022628784179686 -0.2446288585662842 0.0013828499999988253
021030 132.9020954658385 35.03521205509824 3.4470426559448244 -0.4781382083892822 0.001038903999995
021101 136.50375862940908 35.10476182264495 3.447043037414551 -0.5226161003112793 0.001170077999998398
031102 138.18578566372148 35.322074808857316 3.558237838745117 -0.17791190147399902 0.0009647220000033486
031127 137.8144799979416 35.77753447745393 2.335093688964844 -0.5226161479949951 0.0012224800000240066
031128 136.7287538454856 35.405133653757936 1.4455343246459962 -0.21127042770385743 0.003488434899999504
041135 133.69957504097925 35.4903993517386 3.5582374572753905 -0.4336602210998535 0.00033245120000060526
041138 137.5959754042869 36.57696779049631 4.114212226867676 -0.5893331050872803 0.0031597600000168313
051145 141.28323333909728 38.90192038828902 17.45760383605957 -4.447797012329102 0.004325527000000306
061150 140.89879684201972 42.557931162541976 1.2231441497802735 -1.9347917556762695 0.0027050650000006726
071158 136.77271101237304 37.00071865963282 4.447797012329102 -0.7338865756988525 0.0022631408000002295
071159 141.0546884789364 39.36200200229078 14.455340385437012 -6.293632888793946 0.005025485000001595
071162 139.53384128622673 38.51119289986304 10.674712944030762 -2.068225622177124 0.0019673578000009686
071163 139.27619749155727 36.60233772085609 6.782890701293946 -0.6560500144958497 0.0012071099999957369
081167 134.491499564942 35.535625161604365 3.66943244934082 -0.38918228149414064 -0.0009010299999999916
081170 135.77480939734062 35.20664928040765 2.779873085021973 -0.3558237552642822 0.00045831799999973555
081171 139.64454750194204 35.75802890820534 4.670186996459961 -0.7783644199371338 0.0016009875000008833
081173 141.1421797789156 41.83399424230573 2.44628849029541 -1.0785908699035645 0.0020355515999995076
091174 140.29500307156633 40.57517687390377 5.8933313369750975 -3.23577241897583 -0.00027867199999889183
091175 140.99023298454932 40.921148943143706 4.225407218933105 -3.3358476638793944 0.0010842132000007608
091176 140.80847699385856 37.3366928663248 10.45232334136963 -2.713156223297119 0.0025765530000001037
091179 140.75474622953953 38.25774226882374 14.232950401306152 -2.9577850818634035 0.0013238349999994624
091180 134.33046033177914 35.58670823691435 3.558237648010254 -0.4225407600402832 0.0011019416999999976
101181 140.9985769975216 37.26395183693048 9.117984008789062 -2.99114351272583 0.0024420098999996752
92106 139.08197138622228 35.00685288160474 2.1127037048339843 -0.12231440544128418 0.0027385049999999467
92110 140.08719602809933 36.106113995705826 5.337356376647949 -1.6012068748474122 4.957339999975829e-05
93001 139.54230591629326 36.29516272857701 6.004525947570801 -1.0341127872467042 0.0010638060000005111
93002 140.17427058058905 36.263268379847176 5.337356185913086 -1.957030725479126 0.0027344643000006387
93003 139.8105321243631 36.203671681729546 5.2261615753173825 -1.1786662101745606 -0.0013909153000000174
93004 140.54448948228773 36.181305971641784 5.003771591186523 -1.890313720703125 0.00133068709999975
93005 139.34517427686635 36.120951345476904 5.2261615753173825 -0.745005989074707 0.0017485370999992256
93006 140.3431563786194 36.09693573826512 5.226161193847656 -1.957030725479126 0.0011141905999991764
93007 139.63672853109352 36.08722735963461 5.448551750183105 -1.0785907745361327 0.0008340929999995694
93008 139.79962950873087 36.01086709103097 5.448550987243652 -1.1897856712341308 0.000849492999999768
93009 140.65924144664694 35.955453865194826 4.892576789855957 -2.346212911605835 0.002196397000000161
93010 140.40295649343463 35.970407990532514 5.114966583251953 -2.123823070526123 0.0015935346999995659
93011 139.4642893279715 35.925504578042585 4.892576599121094 -0.6782890319824219 0.0014307905000002564
93012 139.9927271684036 35.94029107236886 5.22616138458252 -1.6123263359069824 0.0006005943999994656
93013 139.6518645419477 35.93747055876438 5.670941352844238 -0.8228424549102783 0.002515353100000084
93014 140.14549768315914 35.87364748544713 4.781381988525391 -2.257257080078125 0.0018220051000000126
93015 140.4070120910764 35.803328778922264 5.003771781921387 -1.8903137683868407 0.0021088921999989907
93016 139.81281570609744 35.78021408316539 5.337356758117676 -0.9673958778381347 0.0014838135999994506
93018 140.02475899679692 35.786465663521 5.2261615753173825 -1.6012068748474122 0.0021930894000007583
93019 139.48825772837898 35.71036622671287 3.78062744140625 -0.5782136440277099 0.004955151000000058
93020 140.31515012696997 35.71759774861214 5.114966773986817 -1.8569552898406982 0.0005840415999998072
93021 140.64682729886616 35.777301539164604 6.115720748901367 -2.8910680770874024 0.0026987189999999827
93022 140.8372359103813 35.72635375735788 6.671695518493652 -2.9466655254364014 0.0014220275000006665
93023 139.9023578660429 35.675463438271805 5.003771591186523 -1.4677730083465577 0.0019023226000001614
93024 140.44830526480703 35.64235265701055 5.337356758117676 -2.0682256698608397 0.0019407080999997105
93025 140.18656665408307 35.54414360516398 4.670186996459961 -1.323219633102417 0.0006683768000002033
93026 139.67335563739866 35.56340276954262 4.892576408386231 -1.2009052276611327 0.0019126186999997685
93027 140.31823962696726 35.530115263310734 5.00377197265625 -1.6456849098205566 0.0002634925999998927
93028 139.46784374051998 35.52140904030171 3.8918224334716798 -0.5670941829681396 0.0022174580000012154
93029 139.32257893149998 35.482641268509354 3.3358480453491213 -0.2223897933959961 0.0013832229999991342
93030 140.05133475686358 35.447783377322594 4.447797012329102 -1.1675467014312744 0.0011690360999992322
93031 139.0451811827725 35.41535102898166 2.8910680770874024 -0.5893331050872803 -0.00014356800000427938
93032 139.65374976779273 35.436484271385844 3.5582374572753905 -0.7672449588775635 0.001778052800000296
93033 140.33737401191067 35.42112596294729 5.11496639251709 -1.8124773502349854 0.001050518999999639
93034 139.46607046666222 35.32668151233474 3.113458251953125 -0.15567293167114257 0.0012848245000000702
93035 139.26269634430716 35.30489957218338 3.1134578704833986 0.13343391418457032 0.0004622159999996711
93036 139.8255217014349 35.31170215103228 3.3358480453491213 -0.34470429420471194 0.0013701066000002982
93037 140.146793843629 35.333139289084265 3.7806270599365233 -0.8784399509429932 0.0019056359000003908
93038 138.88165214883756 35.321603983451894 2.891067886352539 -0.41142120361328127 0.0023412839999991776
93039 139.8435700250916 35.143709365184854 2.6686779022216798 0.37806272506713867 6.572079999997982e-05
93041 140.26802349581348 35.16590051178197 3.669432258605957 -0.9785152912139893 0.0013664099999999735
93042 139.11043717265704 35.1486049897045 2.7798734664916993 0.21127033233642578 0.0008520306999997729
93043 138.90186003612516 35.1100160196307 2.335093307495117 -0.42254071235656737 0.0011861162999991849
93044 140.07926931796698 35.11186069547057 2.779873085021973 -0.3113457202911377 0.002297950599999865
93045 139.954343651185 35.25480799614054 3.0022628784179686 -1.0007543087005615 0.0013259199999993143
93046 138.99792773647553 35.01482751915772 2.6686782836914062 -0.3669433116912842 -0.0008315830000015012
93063 139.26813445539582 35.723758077782264 4.558992004394531 -0.46701860427856445 0.0008277559999982032
93064 138.97585629223093 35.623349259379076 3.335847854614258 -0.845081377029419 0.0010063380000019605
93065 139.15722740005225 35.610274102114644 3.558237648010254 -0.4114211559295654 0.0017171960000013087
93066 139.20486858560125 35.42851873798776 3.4470426559448244 -0.4558992385864258 0.0007216789999915818
93067 139.66483872378979 35.26709391393883 2.8910680770874024 -0.14455347061157225 0.0015549771000003432
93068 139.04933992849536 35.24551619530799 3.3358476638793944 -0.13343386650085448 0.002549348000002283
93069 138.44524845624963 35.44357985876606 2.779873085021973 -0.46701874732971194 0.0006460390000029292
93070 138.81403849741423 35.49658938718356 3.1134578704833986 -0.4558992385864258 0.0007432839999978568
93071 138.56343603069504 35.3620781712881 3.1134578704833986 -0.5226162433624267 0.0012389330000019071
93072 138.77067614803403 35.30553953963308 3.0022634506225585 -0.5114966869354248 -0.00023959000000104425
93073 138.44570041299858 35.289461534531725 2.8910680770874024 -0.06671695709228516 -6.218499999874894e-05
93074 138.2535147873496 35.200979051947776 2.8910682678222654 -0.5448550701141357 0.0004977399999916088
93075 138.6169889761131 35.20318348534722 2.55748291015625 -0.46701860427856445 -0.00025530300000013993
93076 138.72154288204723 35.17359028907687 2.335093688964844 -0.34470429420471194 0.0007505539999982602
93077 138.52471044723026 35.0674075927976 2.223898506164551 -0.21127033233642578 0.0010028092000005985
93078 138.36869715761344 35.10345861665567 2.223898696899414 -0.7116475105285645 3.811400000017784e-05
93079 138.13490209922182 35.10391187238261 2.779873085021973 -0.5003772258758545 0.0014219159999981912
93084 137.69523653138847 35.079292942857386 2.6686784744262697 -0.45589914321899416 0.0012884140000039678
940014 141.7306707832213 42.983252943800736 1.2231443405151368 -1.2676220893859864 0.00016996589999962453
940017 139.85766905507683 42.4507341492121 2.1127037048339843 -1.1564271926879883 0.00032932630000033215
940018 140.94240633120128 42.37421431329863 2.112703323364258 -1.223144245147705 -0.001060967999998752
940020 139.51960181161792 42.153545190961616 3.0022628784179686 -2.2794960021972654 -0.00024340639999991253
940021 140.1073246578527 42.00807378229242 2.223898506164551 -2.101584053039551 0.00025811969999978146
940022 140.74782721065122 41.82607203534877 2.668678092956543 -1.856955337524414 0.0017349265999996532
940023 140.04065393320903 41.46637512279088 3.3358474731445313 -2.257257080078125 -0.0001341310000000817
940024 141.21327691463824 41.30077055783554 3.3358480453491213 -2.2350180625915526 0.0017262086999998872
940026 140.27298543295743 40.77898187693904 5.2261615753173825 -3.146816444396973 0.0017049171000003583
940027 141.78910454757332 40.13344376264604 9.117984008789062 -4.0141369819641115 0.0003819000000007122
940028 141.93998070850756 39.57237746066824 15.678484916687012 -4.0252564430236815 0.002493602199999856
940029 141.20394182984197 39.11061622042102 16.90162887573242 -5.392953968048095 0.003750302999998212
940030 139.77615692795825 39.967899871895554 8.117229652404784 -3.335847759246826 8.462119999990137e-05
940031 140.04825157024501 39.3986930108023 12.453831481933594 -3.6360739707946776 0.00042186670000035067
940032 139.80886344733284 38.8945999851022 11.675467491149902 -2.4907663345336912 -0.0002459100000002934
940033 140.31875196338467 38.75859121441066 16.012069511413575 -3.11345796585083 0.0006518340000013723
940035 140.36610316537102 38.33102445469468 14.232950973510743 -3.602715539932251 0.0012722699999983434
940036 141.44119703915857 38.44918635861734 14.566535186767577 -4.903696298599243 0.0044298412000003395
940037 140.95420944660202 38.31748153437293 15.122509956359863 -3.8251055240631104 0.003927690400000472
940038 140.9081038271762 37.80066737764924 12.89861183166504 -3.7027910232543944 0.0037163712000008787
940040 139.7915166413827 37.6436953123283 11.008297538757324 -1.0118739128112793 0.0013435420000007525
940041 140.90253047277253 37.09071126781577 7.894839859008789 -2.635319709777832 0.002648503000000346
940042 140.61184536918017 36.539926923839154 6.115721130371094 -2.368452024459839 0.0013957279999999629
940043 139.72642768370116 36.401847414574796 6.22691593170166 -2.1015841484069826 0.0017998370000000818
940044 138.906261745617 36.69703586631291 6.33811092376709 -0.6226916313171387 0.002305768000007902
940045 138.86540913956782 36.259032402330526 4.89257698059082 -0.4781381607055664 0.000929414000000861
940046 137.85112480885914 36.499766754850526 4.114212417602539 -0.07783637046813965 0.0017220930000007683
940047 137.9438087575104 35.92358085870587 2.891067886352539 -1.089710283279419 -0.0005807650000065224
940048 138.58329977057133 35.59033578556458 1.1119495391845704 -0.30022635459899905 0.001802863000000343
940049 139.50957910498352 38.2306878212307 10.3411283493042 -1.6568044662475585 -0.0005699769999992554
940050 138.98887222212593 37.896469973015904 8.339619255065918 -0.8006034374237061 0.0006412738000001639
940051 138.5744032942483 37.39767904905933 8.006034469604492 -0.6449306011199951 0.0024377265000005365
940052 137.4872329573091 36.928958079732325 5.559746551513672 -0.40030179023742674 0.0013397155999996357
940054 136.64994174843002 36.6634122105857 4.225407218933105 -0.5670941829681396 0.0009436733000001141
940055 136.17297590458864 36.231172828229816 3.7806278228759767 -0.18903141021728515 -0.0001489028000001724
940056 136.1058086938946 35.60256086042601 3.002263069152832 -1.0452322483062744 0.0023941570000005187
940057 135.2333846631177 35.54990393754849 3.4470426559448244 -0.26686782836914064 0.00147432039999984
940058 137.34791201397778 36.13599315557389 3.78062744140625 -0.8339619159698486 0.0005065049999984694
940059 137.24837437435355 35.80048395694259 2.223898696899414 -1.0229933261871338 0.0017703030000006947
940060 136.90002557700387 35.52607242990722 2.5574834823608397 -0.3224653720855713 0.0011809689999992656
940061 137.46757454663026 35.396765413901264 2.8910682678222654 -0.3780627727508545 0.0009848840000017845
940062 136.15823268467187 35.09472774965707 2.779873275756836 -0.45589914321899416 0.0014073629999984405
940063 137.04128567425994 35.128109292921174 2.223898506164551 -0.23350934982299804 0.0009501419999992322
940074 133.0586545036906 35.43387480049411 3.3358480453491213 -0.21127033233642578 0.0006559898999995539
940075 132.20897599550622 35.00281187241297 3.2246526718139648 -0.30022635459899905 -0.00011750560000081122
950127 140.54393819808692 42.98525208516625 1.4455341339111327 -1.2120246887207031 0.0021915640000003123
950128 141.29033250318943 42.97137784716958 1.2231441497802735 -0.24462881088256835 1.0419000000183587e-05
950129 140.88334123674392 42.857889220755695 2.0015087127685547 -0.8562009811401368 0.00044721400000184984
950130 140.603518909904 42.80271730492895 0.22238998413085936 -0.11119499206542968 0.0014906461000009585
950131 140.23320350630794 42.7864338988792 0.667169189453125 -0.2891068458557129 0.001851190200000019
950132 141.86398207993693 42.72944074301949 0.6671693801879883 -0.7450058937072754 0.0012922179000000255
950135 141.07495542221687 42.66787578598246 0.889559555053711 -1.5233705520629883 0.0019168270000022858
950136 141.60225965727153 42.65552981859473 2.112703323364258 0.23350934982299804 0.0018382170999998947
950137 140.8256837719319 42.64628979664334 1.0007543563842773 -0.867320442199707 0.001618498999999929
950139 141.3614805290646 42.54980017297782 1.7791187286376953 -1.3343391418457031 0.0010876688000003298
950140 140.35419751271175 42.49435957594755 2.0015087127685547 -1.2231440544128418 0.0015154860999999186
950143 140.25048225066257 42.243676856374066 2.779873085021973 -1.4455340385437012 0.001745440199999848
950145 140.0039472704351 42.130847893098526 1.667923927307129 -0.7338865280151368 0.0014857428999988543
950146 140.5687761453977 42.098671364185094 2.6686779022216798 -1.734640884399414 -2.9827500000578766e-05
950147 140.80554186143274 42.04296678898588 1.2231441497802735 -1.5567289352416993 0.0014326400999998157
950149 140.3158901191459 41.59902503163682 2.779873085021973 -1.9681500434875487 0.003994172600000923
950150 140.88050746019516 41.45529582857668 3.1134580612182616 -2.346212863922119 0.0012181984999998009
950151 140.635894864953 41.04321908124154 4.003017425537109 -2.9466654777526857 0.001977737800000057
950152 141.3679654182752 40.96824138728147 3.66943244934082 -2.913306999206543 0.0012969370999996953
950153 141.1978349567633 40.62506585954565 5.114966583251953 -4.125331783294678 0.0001621979999995915
950154 139.92812140621916 40.57763985825455 4.781381988525391 -1.9347917556762695 0.002314922899999772
950155 140.57815291854172 40.523650344218794 7.005280494689941 -3.891822338104248 0.0014921569999984286
950157 141.0764817521872 40.2910703632544 8.117229461669922 -5.682060813903808 -1.9118000000162284e-05
950158 141.71314025952142 40.40519629636809 6.115720558166504 -3.502640151977539 0.00023830230000001506
950159 141.29369315254607 40.291143161403305 7.5612548828125 -5.237281036376953 0.0013576770000014449
950160 141.46195433946818 40.048593795453996 9.67395839691162 -5.103847026824951 0.002146871000002193
950161 141.22507471525228 39.980568210902696 10.22993335723877 -6.08236255645752 0.00341547400000195
950162 141.95055505086137 39.86936436862643 12.009052276611328 -3.78062744140625 0.0010805590000018128
950163 141.16487302440925 39.8512389138435 11.675467681884765 -6.415947341918946 0.0027781220000008488
950164 141.80386442560246 39.84916938967819 13.009806251525879 -4.314363098144531 0.00269332400000053
950165 140.9645139176991 39.70108554942576 12.898611450195313 -6.2825133323669435 0.0020313740000005966
950166 141.17211982840732 39.596564249971166 14.344145584106446 -6.960802459716797 0.003755298000001517
950167 141.955277882137 39.45815190790242 16.568044471740723 -3.9029419898986815 0.0011879059999998277
950169 141.53416172673093 39.33805501717565 17.012823486328124 -5.292878532409668 0.003755532000002404
950170 141.79806701321937 39.2535089724091 17.902383232116698 -4.303243732452392 0.0022084661999997477
950171 141.73987544810936 39.02377144616158 17.012823486328124 -4.047495365142822 0.00323647200000039
950172 141.5726183614621 38.902849825364406 16.790434074401855 -4.258765697479248 0.00391344370000013
950173 140.99060460895893 38.81533468105938 15.567289543151855 -4.314363193511963 0.002746151999998858
950174 140.80165584825912 38.74893115325305 15.233705139160156 -4.347721576690674 0.0008956750000038482
950175 141.4494012489443 38.682689764649986 16.568043899536132 -4.047495269775391 0.004316818799999567
950176 141.14756755736994 38.53947315936675 15.344899940490723 -4.125331830978394 0.004843500100000142
950177 140.85137572396047 38.41175556898611 14.677730369567872 -3.624954605102539 0.0026913167000003567
950178 140.64286745025592 38.20573973506616 13.454586029052734 -2.457407808303833 -0.0012261779999988675
950179 140.8440107439505 38.029655165603145 14.455340766906739 -3.402564764022827 0.002366818000000137
950180 140.44259155579186 37.98992863318382 13.232196426391601 -1.6568044662475585 3.193900000155736e-05
950181 140.5773558213432 40.32504320170101 8.228424835205079 -3.914061450958252 0.0006355509999991682
950182 140.2636676829982 40.271152695766354 7.6724498748779295 -3.8584638595581056 0.0021423218999998992
950183 140.78734192142412 40.21543515123751 8.67320442199707 -5.126086044311523 0.0007005250000020169
950184 140.04794297929985 40.24469079996372 7.561255073547363 -2.9577850341796874 0.0018192373999994516
950185 140.40199614355495 40.006873530793385 10.007543182373047 -4.7813817977905275 0.001190927999999758
950186 140.13238459964512 39.93605110134798 9.117984008789062 -3.024501991271973 0.002054989300000187
950187 140.5970557120531 39.74915741660001 12.231442070007324 -4.859218311309815 0.0022841129999989105
950188 140.23422315178132 39.65830514123496 11.45307731628418 -3.969658851623535 0.002201056300000914
950189 140.38663614056765 39.54928766724174 13.343391609191894 -3.391445255279541 0.0007181496000001175
950190 140.55979182592034 39.32699651527577 13.009806251525879 -4.825859832763672 0.0037952000000004205
950191 139.90772752720585 39.20605890178172 11.008297538757324 -3.1801749229431153 0.001770645700000273
950192 140.16199355820132 39.16420750174619 14.232950592041016 -3.5471181869506836 0.002988062000002856
950193 140.6296026229094 39.05189632700943 14.788925170898438 -5.05936918258667 0.00027862900000172883
950194 139.54766980884446 39.18555969958539 10.785907745361328 -2.99114351272583 0.0017443276000001617
950195 139.95738561015523 38.75971775907499 12.342636871337891 -3.10233850479126 0.0020664652000000673
950196 139.83177968812876 38.59403439695254 12.120247077941894 -2.7353952407836912 -2.108999999848038e-05
950197 139.74226171891615 38.14617385411149 11.008298110961913 -2.023747682571411 0.0036499939999998787
950198 140.09353982447777 37.96360567620813 11.786661911010743 -1.7235213756561278 0.000845160000000078
950199 140.07758749707656 38.19754171137486 12.565026664733887 -1.7679994106292725 0.0006743560000018079
950200 140.46650329550428 37.68330650596814 13.232196426391601 -1.6568044662475585 0.001168196000000421
950201 140.75509258334068 37.56055123592681 12.565026664733887 -3.0578604698181153 0.002195602000000463
950202 140.07269249008192 37.56694676366761 11.230687713623047 -0.5559746742248535 0.001466143999994074
950204 139.52863732117976 37.47346177012271 9.896348571777343 -1.2342636585235596 0.0025146669999969616
950205 140.66212745299632 37.32546688015574 9.89634838104248 -2.090464687347412 0.0013718859999983124
950206 139.36435537477524 37.302798348227945 8.89559383392334 -0.6560500621795654 0.00018901700000242271
950207 139.5037775093879 37.28148883908193 9.006789398193359 -0.6449306964874267 0.000546172999997907
950209 139.87143624629866 37.26107173684258 9.562763595581055 -0.9117983818054199 0.0004685640000047897
950210 140.2599389336187 37.12629344175414 9.229178619384765 -1.3676976203918456 0.0019688840000014808
950211 140.56165390751113 37.08929409784564 8.895594024658203 -1.9347917079925536 0.001468593000004148
950212 140.41327955131777 36.86209149374503 6.894085502624511 -1.8235967636108399 0.00119071900000165
950213 140.29343183556006 36.65056602881485 6.338110542297363 -1.5900874614715577 -0.0005169450000039432
950214 140.75392443158213 36.80030740232447 6.671695899963379 -2.4240493774414062 0.0021072888000006175
950215 140.077953178638 36.36491161647603 5.559746170043946 -1.545609426498413 0.0008305700000008187
950216 140.47634036688592 36.3443684746604 5.2261615753173825 -2.1127036094665526 0.0015036146999989342
950217 140.03926424846745 36.854234254458824 7.450060081481934 -0.9340373992919921 0.0013527469999985442
950218 139.6192540795002 36.66598350387776 6.782890701293946 -0.8784399032592773 0.0009579930000029435
950219 139.92347344459384 36.598945655346206 5.670941352844238 -0.6560500144958497 0.0028135789999993222
950220 139.22490981851206 36.76969227688013 7.005280303955078 -0.6782890796661377 0.001760939000007511
950221 138.55271743342803 36.50799581982233 4.336602020263672 0.2223898410797119 0.0017708100000049854
950222 139.33039176035837 36.42162815933478 5.782136535644531 -0.7227670669555664 0.0005903130000007196
950223 139.07568848454775 35.986891290337084 4.558991813659668 -0.5226161479949951 0.00162678400000118
950224 139.79599062458155 35.89596961275223 5.114966773986817 -1.0229933261871338 0.0012414478000003725
950225 140.04809617243993 35.657205626153434 5.11496639251709 -1.0897101402282714 0.0012898579000001575
950226 140.3849096721726 35.24324292635125 3.891822624206543 -1.0452322006225585 0.00229973089999973
950227 139.97489011950745 35.00279149145848 2.223898506164551 0.07783651351928711 0.0021102409999997464
950228 139.630652687429 35.663697144731394 4.2254070281982425 -0.12231440544128418 0.0027861066999989247
950229 139.1626028523705 35.33620843968519 2.779873085021973 -0.4447797298431396 0.0012843250000003081
950230 139.14241623213923 35.2685998955399 2.779873085021973 -0.17791190147399902 0.001405461999999602
950231 139.25335768742096 38.46539038791055 12.45383186340332 -0.6560500144958497 0.0017145311999996692
950232 138.5130931758112 38.31934560966262 7.894839477539063 -0.5337356090545654 0.0010124785000002134
950233 138.47168736674203 38.063279185406046 7.45005989074707 -1.022993230819702 0.004174200499999614
950234 139.3514683858729 37.92938298574849 9.785153770446778 -1.6012069702148437 0.0028301088999995727
950235 138.2730735052703 37.81590161177839 7.894839859008789 -0.3669432640075684 0.00236429490000063
950236 139.4778969040596 37.685905461948714 8.784399032592773 -0.6004526615142822 0.0019921310000000857
950237 138.78051213138116 37.6675231856746 8.11722927093506 -1.312100076675415 0.0013880689000004055
950238 139.0591275110323 37.662294808843015 7.7836448669433596 -0.8562009811401368 0.0034007901999999037
950239 138.99801686517245 37.46771785243277 8.339619636535645 -0.778364610671997 0.002385497000000214
950240 138.7899890071748 37.31131469042259 7.783644676208496 -0.511496639251709 0.010148275999999613
950241 138.3335757950761 37.23112202483565 7.1164751052856445 -0.4225407600402832 0.0020940988000006655
950242 138.93372714421028 37.16603519861939 8.117229843139649 -0.4114212512969971 0.001635195000000067
950243 138.1001951692734 37.16079064978143 6.671695709228516 -0.6004526138305664 0.001571128000000499
950244 138.60872903097373 37.07913399257716 7.227670097351075 -0.42254066467285156 0.0034858690000021397
950245 137.87385041911043 37.04517344536396 6.004525756835937 -0.3113457679748535 0.0023787382000001857
950246 138.83085086287332 36.993459620333525 7.6724494934082035 -0.3558237552642822 0.00219982200000004
950247 138.1986785258615 36.86540421333993 6.560500907897949 -0.2891068458557129 0.0020331900000087446
950248 136.99612815660876 36.74062097661281 3.6694326400756836 -0.30022625923156737 0.003299397699999673
950249 137.19519856176623 36.634336811080416 4.447797012329102 -0.3113457202911377 0.0009253431000004753
950250 137.4398983000897 36.57870573058063 4.7813817977905275 -0.5559746265411377 0.0011996320000093874
950251 136.9205601250675 36.40187924826263 3.5582374572753905 -0.3335848331451416 0.0026416310000001884
950253 137.27005235567412 37.44602714118657 6.115721130371094 -0.4336602210998535 0.0010017062000002852
950255 136.38894404426628 36.39445632555467 2.668678092956543 0.27798733711242674 0.001715876700000507
950256 136.63394876333555 36.1652892784155 3.113457679748535 -0.4336602210998535 0.0010961420000057843
950257 136.2789464461584 36.14561944231323 3.5582374572753905 -0.06671690940856934 0.002036693499999842
950259 135.98976450941615 35.945004871078794 4.336602210998535 -0.2891068458557129 0.0001395199999990382
950260 136.1973950605629 35.79278225219157 1.5567287445068358 -0.4447795867919922 0.0034245259999977407
950261 135.90764053666385 35.53440951203199 2.335093307495117 -0.22238974571228026 0.0002951480000000117
950262 135.60888074115033 35.4627149754061 1.667923927307129 -0.4003016471862793 0.0013156571000003225
950263 138.31639795566736 35.855979039488886 3.224652862548828 -0.4558992385864258 0.0009700899999984358
950264 138.6951338942012 35.74687551750884 3.669432830810547 -0.4336602210998535 0.001515419000008933
950265 138.43616985658795 36.801709050474734 5.559746360778808 -0.533735704421997 0.0020103400000039072
950266 137.8723348958679 36.70646871786129 5.448551177978516 -0.6671696662902832 0.0030417849999935243
950267 138.24747069916825 36.66515541578409 5.670940780639649 -0.3669432163238525 0.0029319090000001326
950268 138.3225267158031 36.38617691303439 5.2261615753173825 -0.3780627727508545 0.0011940340000023753
950269 138.63779985496168 36.34601410513667 5.003771591186523 -0.3224653244018555 0.001004513999998835
950270 137.90281801151121 36.32237163791694 4.2254070281982425 -0.3669433116912842 0.0002650109999990491
950271 138.21648811097293 36.208467721750516 4.558992385864258 -0.42254071235656737 0.0017838040000015098
950272 138.46097569875224 36.130639962057494 4.114212417602539 -0.4781381607055664 0.0009678000000008069
950273 137.98301349825542 36.121109591706364 4.225407600402832 -0.6894084930419921 0.0005272680000075525
950275 138.03831879085948 35.556130000171706 3.3358476638793944 -0.5670941352844239 0.0006022079999979723
950276 137.81523878348085 35.521092268544116 1.8903135299682616 0.5114965915679932 0.0024745829999915257
950277 137.92527307649084 35.31714439146455 2.779873085021973 -0.6004526615142822 0.0012047929999994267
950278 137.58766951138614 35.24699947009466 2.4462881088256836 -0.3335847854614258 0.0013532429999941087
950279 137.1471741393926 36.33551078120468 4.558991813659668 -0.34470429420471194 0.0007649310000033438
950280 136.95276435245322 36.03304870829902 1.5567285537719726 0.5559746265411377 0.00031540300000187926
950281 137.53486873903233 35.97345841212598 3.335847854614258 -0.4003016948699951 0.0014352400000007038
950282 136.86318265173347 35.86694139363948 2.5574834823608397 -0.044477987289428714 0.002441049000003659
950283 136.9753031516508 35.75778320012562 1.890313720703125 0.5559747219085693 0.0013821500000005926
950284 137.42477414538004 35.6571894886661 2.668678092956543 0.022239017486572265 0.0003300380000041514
950285 136.4887689023535 35.63615338822653 2.779873085021973 0.3669433116912842 0.0017546299999992242
950286 136.61139549394855 35.63289784793719 2.1127035140991213 -1.267622137069702 0.002474121999998147
950287 137.17414606411214 35.61208667994856 2.1127035140991213 -0.6560501098632813 0.0030187990000001717
950288 136.68728360653225 35.48832464000227 2.6686782836914062 0.5782136440277099 0.002285204700000065
950289 137.12468863125957 35.47870073348051 2.5574834823608397 -0.22238988876342775 0.0005940670000001092
950291 136.5497440244622 35.371709802993664 2.5574834823608397 -0.6338110446929932 0.0023440997000001573
950292 137.11023274457423 35.367372495636495 1.8903135299682616 -1.0897101402282714 0.003135506000000987
950293 137.40560748465398 35.26196731642052 2.779873275756836 -0.34470429420471194 0.000537837999996782
950294 136.59344589742452 35.227905840598204 2.6686782836914062 -0.2891067981719971 0.0006511596000009945
950295 137.98041640867663 35.03151837412024 2.557483100891113 -0.6671695709228516 0.0008959759999981997
950298 136.92997982648646 35.33476088411897 2.0015085220336912 -0.24462876319885254 0.003223640399998828
950299 136.8288334708079 35.19010686269426 2.4462886810302735 -0.1667924404144287 0.000608614599999413
950300 137.2535636017115 35.13875295347759 2.4462881088256836 -0.38918218612670896 0.0011403349999994817
950301 137.31316496067254 35.03946515568572 2.1127037048339843 -0.26686782836914064 0.0003369179999992866
950317 136.19794673906662 35.557331504034266 2.0015087127685547 -0.6560501098632813 0.002467772999997919
950318 136.05366712694826 35.466286795730724 3.447043037414551 -0.12231440544128418 0.003159418000001324
950319 135.91320876801308 35.35125491125289 2.44628849029541 -0.07783646583557129 0.00029148700000121154
950320 136.06282851133946 35.31897490008734 3.447042465209961 -0.4336602210998535 0.0051815040000008136
950321 136.23561445826564 35.26944124876753 2.6686786651611327 -0.1667923927307129 0.00163168100000064
950322 135.87080919934237 35.137040124424495 1.8903135299682616 -0.1445533275604248 0.002843260000000214
950327 135.1732162542599 35.75235304991239 3.66943244934082 -0.3558236598968506 0.001124571600000479
950328 134.93228682259672 35.55568158523972 3.4470428466796874 -0.3780627727508545 0.001738959099999704
950329 135.1640355032179 35.29233641169722 3.4470426559448244 -0.5448551654815674 0.0009070420000000468
950331 135.36690575904066 35.16378699932573 3.1134580612182616 0.011119461059570313 0.0009313889999987169
950332 135.56452306929557 35.07758200803427 2.8910682678222654 -0.16679234504699708 0.0008970849999997199
950341 134.58249464574297 35.43674684534844 3.335847854614258 -0.42254066467285156 0.0009523010000066279
950342 134.81850326171005 35.31489832239549 2.891067886352539 -0.5114967346191406 0.0005938679999985652
950344 134.5859601688557 35.094454171986506 3.4470426559448244 -0.4336602210998535 0.001335549000000924
950345 134.97258910703349 35.09078461796906 3.002263069152832 -0.45589914321899416 0.0021423639999994747
950378 134.0466707898637 35.45675479705739 3.5582374572753905 -0.38918218612670896 0.0011600830000006112
950379 133.4390724195987 35.34553550297089 3.4470426559448244 -0.4447796821594238 -2.2755000000529434e-05
950380 134.23736794694557 35.26586268531271 2.557483100891113 -0.5337356090545654 0.0013051980000000185
950381 133.30853272719514 35.16457472371537 3.4470428466796874 -0.30022625923156737 0.0005099749999999403
950382 133.23988078244358 36.28529009673298 4.003017425537109 0.055597448348999025 0.0005032663999998022
950383 132.9843792755408 36.09320958355832 3.66943244934082 -0.31134581565856934 0.0001938739999999939
950384 132.7432146558393 35.39261485250961 3.447043228149414 -0.38918228149414064 -0.00044930349999958705
950385 132.99542376581482 35.19561314670633 3.224652862548828 -0.2223898410797119 0.00038554099999714707
950386 132.50732220247843 35.18595412294454 3.558237838745117 -0.21127033233642578 -0.0002063966000008577
950387 132.72050602546025 35.01977308117602 2.5574832916259767 -0.3891822338104248 -0.0006479200000001128
950389 133.79247734025904 35.26353853634875 3.335847854614258 -0.5559746265411377 -0.0015012390000038068
950390 134.3196405958369 35.09964123335765 2.8910682678222654 0.11119494438171387 0.0011088180000001558
950391 134.23477038051456 35.020881496974134 3.0022634506225585 -0.4447797775268555 0.00047190100000022995
950392 133.7345024698851 35.00296134338322 3.1134580612182616 -0.41142120361328127 -9.629800000254818e-05
95105 139.17103514883752 35.040627876360354 2.001508903503418 -0.022239017486572265 0.0009523371999989649
960522 141.5774164214567 42.884431040246234 1.6679237365722657 -1.6345654487609864 0.0018195009999999456
960523 141.4070931098171 42.7731892530206 -1.3343393325805664 -2.4462883949279783 0.0014997230000005856
960525 140.76762324077006 42.551378986066865 0.6671693801879883 -0.8450814247131347 0.00029428650000014046
960526 140.87637246316106 42.47390122414542 1.667923927307129 -1.9014331817626953 0.0019237722999996265
960527 139.44615065742755 42.060503880521146 2.0015087127685547 -0.9229180335998535 0.001494881500000389
960528 140.66686876572243 42.123142410259995 1.2231441497802735 -2.2794960021972654 0.0022609803000001706
960529 140.71543714807126 41.976685806976384 2.335093307495117 -1.8680747985839843 0.0034177190000008297
960530 140.07123096226886 41.80302607013365 3.0022632598876955 -2.179420566558838 0.0012031738000004566
960533 141.44758892041355 41.40470451571616 2.5574834823608397 -1.901433277130127 0.0011511745999996492
960534 140.49076933425985 41.18507638347408 4.225406837463379 -2.8132315635681153 0.0017313703999995767
960535 140.82198753131834 41.145543936708165 3.447043228149414 -2.846590042114258 0.0001509861000002388
960537 141.13181033758102 40.86235775811385 4.7813817977905275 -3.5582377433776857 0.0011112502000003132
960538 140.58922914798538 40.7062724252185 5.11496639251709 -3.5582377433776857 0.002872427799999855
960540 140.4785321923632 40.62434200672769 6.115721130371094 -2.924426555633545 0.0032002744000010352
960541 140.80335195083794 40.64356294488932 6.004525756835937 -4.0474954605102536 0.000317662999998447
960542 140.45156849130643 40.91017441633469 4.781381988525391 -2.5463638305664062 0.00047525290000010044
960543 141.06634030172455 39.953073353044 10.674712944030762 -6.293632888793946 0.002197757999999794
960544 140.7691995090622 39.35129322006522 13.676976013183594 -6.693934535980224 0.0058547230000044696
960546 141.57550391237885 39.14308296075865 17.124019050598143 -4.647947883605957 0.003122086999999851
960547 141.6753050642635 39.59611625561332 15.01131477355957 -4.948174285888672 0.0019025439999950321
960548 140.84787999835015 38.54621509750521 14.900120544433594 -3.9696588039398195 0.002285171400001218
960549 141.21293969866454 38.425050124420046 15.567289543151855 -4.2142877101898195 0.004711347799999999
960550 141.50072189044468 38.30117733556857 13.454586029052734 -4.603469944000244 0.004265694000000053
960551 139.84894288652487 39.89113095510534 9.117984008789062 -3.5915961265563965 0.002836562299999912
960552 140.04473202664258 39.82580486584776 9.451568984985352 -4.392199611663818 0.002721830300000505
960553 140.7328618480583 39.702675051902034 12.45383129119873 -4.581230926513672 0.0019878479999988485
960554 140.50670563416432 39.1990911271406 13.788171005249023 -4.214287757873535 0.002949472000000242
960555 139.92750763846544 39.01596847517954 11.786661911010743 -3.358086681365967 0.002984462300000246
960556 140.36517035381573 38.496765841084226 15.011314964294433 -3.4470427513122557 0.002570617000000652
960557 140.27115462330735 38.14809415509824 13.89936580657959 -2.590841865539551 0.004077866999998037
960559 140.20566625368713 37.61595187241082 11.230687522888184 -0.5559746742248535 -0.00034463099999584303
960560 140.37291436260386 37.62072862335969 13.121001434326171 -1.0563517093658448 0.0017026650000047995
960561 140.13588922984493 37.42450663325628 10.674712944030762 -0.6004525661468506 0.0021630539999932807
960563 139.5861691689695 37.09724869796318 8.562009239196778 -0.7005280494689942 -0.00041007500000205254
960564 139.46169569524668 38.056182112609946 9.117984008789062 -0.5226161003112793 0.001039620000000241
960565 138.36988819678905 38.02368674703896 8.006034660339356 -1.323219633102417 0.003836441900000409
960566 138.70694453003614 37.53583135067337 8.006034660339356 -0.8450814723968506 0.0013823588999997583
960567 138.51637459184425 37.348538942302596 7.338865280151367 -0.31134581565856934 0.0009117430000003424
960568 139.02025961171597 37.31987028119914 8.67320442199707 -0.9673958778381347 0.0024884460000009767
960569 138.24259069919233 37.056681438719565 6.560500526428223 -0.5670941352844239 0.002928836200000262
960570 137.89387489828025 36.950871481933454 6.115721130371094 -0.10007548332214355 0.00044651199999918846
960571 139.07391735558284 37.75206347040536 9.117984008789062 -1.3009806632995606 0.0025493496999999367
960572 137.36951786544032 36.73695825380793 5.114966773986817 -0.4447796821594238 0.0012561552999997617
960573 137.03190069634027 36.649561909599974 4.003017234802246 -0.3891822338104248 0.0037988963000003652
960574 137.13854694403742 37.306969825241254 5.893330764770508 -0.3224652767181396 0.0004549819999994043
960575 136.71876300934082 37.15674439994335 4.447797012329102 -0.533735704421997 0.002386145199999845
960576 136.99607129160157 37.12315622580128 5.670941352844238 -0.5337356090545654 0.001187109599999303
960577 136.7556534065873 36.817478612708506 4.7813817977905275 -0.5559745311737061 -0.0001555308999996896
960578 136.60533561208757 36.370068966303144 3.4470426559448244 -0.9673958778381347 0.0028697289999996657
960579 136.18499348917717 35.96888721886886 2.8910680770874024 -0.7005280494689942 0.002704761900000108
960580 136.0559840924173 35.83684116254202 2.5574832916259767 -0.2779872417449951 0.0020333164999996713
960581 140.4976077983459 36.7430253236427 6.338110542297363 -2.001508665084839 0.001549891999997044
960582 139.98777226958967 36.30070471171336 5.559746170043946 -1.7568797588348388 0.0007102090999993038
960583 139.93150422537659 36.11481326541726 5.559746170043946 -1.2231441020965577 4.016660000019101e-05
960584 140.20244939689692 36.031338983745385 5.559746551513672 -1.7679992198944092 -0.0001684690000004707
960585 140.16476727903202 36.95230601104468 7.227670288085937 0.1667924404144287 0.0010132549999980257
960586 139.80575668973253 36.97958136893625 8.117229461669922 -0.9340373516082764 0.0021664020000002893
960587 139.8542649254364 36.776371356424164 6.004525947570801 -0.522616195678711 0.0026841710000041984
960588 140.15769841951143 36.6924546873787 6.338110542297363 -1.1897857189178467 0.0032337949999998727
960589 139.4905967803173 36.624174241841246 6.449305534362793 -0.533735704421997 0.0002435200000036275
960590 140.1793159808924 36.54221509871234 5.670941352844238 -2.168301057815552 0.0021262879999994766
960591 138.59144967410907 36.61631796885896 5.337356376647949 -0.4003016471862793 0.004152659999999741
960592 139.06664539820088 36.23467072459316 3.8918224334716798 -0.5448551177978516 0.0013184390000020585
960593 138.91242222388644 36.14275368901575 4.225407218933105 -0.9451568603515625 0.0025155219999987823
960606 138.69038298223808 35.64951852051968 3.558237838745117 -0.2779872894287109 0.0011861490000001141
960607 139.02577795251207 35.5118682016102 3.558237838745117 -0.3113457679748535 0.0010217570000008891
960608 137.98455266494668 36.23902972983557 4.336602401733399 -0.4447797298431396 0.0014440290000038657
960609 137.87175225621533 36.22836934831768 4.003017234802246 -0.2891068935394287 0.0005152090000024145
960610 138.4992838953744 36.28471375376022 4.7813817977905275 -0.23350939750671387 0.0005953400000066722
960611 137.68262882737875 36.084663547503894 3.447042465209961 -0.3113457679748535 -0.0010820299999977578
960612 138.21448619390753 36.02616327443318 4.336602210998535 -0.3113457202911377 0.0010283700000172757
960613 138.5830292681076 35.97414749533707 4.670186614990234 0.03335857391357422 0.00045556000000033234
960614 137.59827532348226 35.880003175789994 2.891067695617676 -0.2891067981719971 0.0004948380000087127
960615 137.98389075545853 35.72629333001491 2.6686782836914062 0.4781382083892822 0.0007450220000009722
960616 137.67639847921754 35.34373426261913 2.779873085021973 -0.756125545501709 0.0009590099999968515
960617 136.90427190333006 36.26146817309701 3.3358480453491213 0.2668677806854248 0.0024450150000006944
960618 137.36302196658588 36.285642757672214 4.1142127990722654 -0.6782890796661377 0.0014561490000005507
960619 137.20067042194162 35.91163470375108 2.446288299560547 -0.5559746265411377 0.00399432700000375
960621 138.92835610490692 35.204394830678105 2.44628791809082 -0.7227670669555664 0.002317735000002585
960626 138.9068945447798 35.04724339474095 2.0015087127685547 -0.7338866233825684 0.0020084787999998356
960627 140.08631298402 36.10363478067774 5.559746551513672 -1.7457603931427002 2.161680000085653e-05
960629 137.07356656745603 35.23908659391478 2.223898696899414 -0.1445533275604248 -0.00021028399999920567
960630 136.96580217969807 35.16842178731845 2.5574832916259767 -0.3224652767181396 0.0013307437999998228
960633 136.69425147607242 35.050911415205874 2.5574832916259767 -0.4447796821594238 0.0013118982000001722
960638 136.26474738756653 35.42035693575675 2.223898506164551 -0.2223897933959961 0.002716746000001535
960639 136.04120008556532 35.0857237540077 2.5574834823608397 -0.3113457202911377 0.0008870020000017575
960640 135.03404906412968 35.68507800262674 3.6694326400756836 -0.6449305534362793 0.000654925599999956
960641 135.41583176156533 35.48221431706421 2.8910682678222654 -0.4114212512969971 0.0008036326000002703
960642 135.54952356428527 35.27585962303053 3.0022628784179686 -0.30022625923156737 0.0011507760000000645
960643 135.7733036372818 35.05313674987733 2.8910682678222654 -0.6115721225738525 0.00016706899999974212
960645 134.67737970255413 35.62120155011682 3.4470428466796874 -0.26686782836914064 0.0010307210999997095
960646 134.72871256251705 35.461262113225004 3.7806278228759767 -0.5448551177978516 0.0012850589999999329
960647 135.02203518444662 35.23788007451829 3.224652862548828 -0.17791194915771485 0.0004108239999993657
960648 134.77122250766683 35.162743264048515 3.3358480453491213 -0.2557483196258545 -0.00014114400000266868
960655 134.32528022349697 35.361442567481745 3.1134578704833986 -0.3113457679748535 0.0005113709999989169
960656 133.13788892654614 35.56353463932204 3.558237648010254 -0.03335847854614258 0.0015465523999999675
960660 133.56399130757333 35.16966158724749 3.3358476638793944 -0.40030179023742674 0.0008162250000054883
960752 139.05673981172143 36.53925917412097 6.338110542297363 -0.5670941829681396 0.0008550629999945159
960753 139.26933186564477 36.00373547240954 4.892576408386231 -0.6115720748901368 0.001604055999999332
960754 139.18220099934842 35.88404864628805 4.892576599121094 -0.5114965915679932 0.0010223409999980503
960755 139.36597292816626 35.80080221218034 4.558991813659668 -0.5226161479949951 0.0015130700000014485
960756 140.24916240998732 35.28838329539405 4.447796821594238 -0.7338866233825684 0.001736261899999647
960758 139.36989965441882 35.61642830726937 4.336602020263672 -0.27798733711242674 0.0013630369999987125
960759 139.6138441097783 35.160866862492924 2.6686784744262697 0.15567293167114257 0.0014272106000007057
970792 141.08105849181194 42.420546604415506 1.6679241180419921 -1.9347917556762695 0.0008975136000003659
970794 140.37123575585838 41.93485172704398 2.891067886352539 -1.767999267578125 0.0004949550000020508
970795 141.45260421683423 39.849010390643244 12.565026664733887 -5.392953872680664 0.0011807949999933954
970796 140.98847595869182 39.12700021817663 15.01131534576416 -5.381834506988525 0.0015993840000021464
970797 140.64565837417388 37.984404586712586 13.454586029052734 -2.034867191314697 0.0010100030000003812
970798 140.82291647829337 40.044970304534154 9.673958778381348 -5.659821796417236 0.0025770209999961937
970799 140.0946472957234 38.43433964408584 12.787416648864745 -2.5574832916259767 -0.0001689590000012231
970800 140.84166353387417 37.01844635489194 6.671695709228516 -0.7561254978179932 0.00038704669999987116
970801 139.4022408768104 37.036934467190434 8.45081443786621 -0.9006789207458497 0.0013256070000011277
970802 138.94482297319212 36.77806112697538 6.226915740966797 -1.0341128826141357 0.002501051000001553
970803 140.19993289799518 38.288979597319106 13.89936580657959 -2.4351688861846923 0.0005789899999967929
970804 139.52192543910172 35.419268708777615 3.3358480453491213 0.03335857391357422 0.0015275673000004985
970806 138.8804488656026 37.77698969485113 8.673204612731933 -0.5670941352844239 0.0022272630999999876
970807 138.7795470433012 37.49865604315927 6.44930591583252 -0.13343391418457032 -0.0021114150000002495
970809 138.45682125730488 35.67369350088284 3.6694326400756836 -0.7116475105285645 0.001028566000002229
970810 138.92028608424593 37.58973635614726 8.895594215393066 -0.978515338897705 0.004495723700000553
970811 137.52878190022662 35.57509245545817 3.0022628784179686 -0.2891067028045654 0.0009956170000009479
970812 136.47030642486834 35.359730954525986 1.779118537902832 -0.9340373992919921 0.007424832999998898
970813 138.97386891933155 35.11416698962728 2.557483100891113 -0.6671696186065674 0.002829586000001427
970815 138.60997503009477 35.11715276417185 2.557483673095703 -0.24462881088256835 0.001019093200000043
970817 138.2099847476874 35.06697438884411 2.223898506164551 -1.2009052276611327 -0.0003109359999939443
970818 138.08168518738697 35.04488392567531 2.779873085021973 -0.6671695232391357 0.00017287299999679817
970822 136.78882515428415 35.30083743492725 1.890313720703125 -0.6560501098632813 0.004878783299999867
970823 134.58821060926005 35.28334325001636 3.2246526718139648 -0.2891067981719971 0.0013869890000023587
