92106 139.082 35.007 7.07 2.41 2.88
92110 140.087 36.106 32.97 -10.18 3.94
93001 139.542 36.295 30.7 -2.34 5.42
93002 140.174 36.263 33.79 -12.21 7.2
93003 139.81 36.204 32.1 -7.33 6.03
93004 140.544 36.181 34.27 -14.94 12.43
93005 139.345 36.121 26.51 -1.29 3.39
93006 140.343 36.097 33.66 -13.86 9.31
93007 139.637 36.087 29.02 -4.1 7.27
93009 140.659 35.956 36.3 -19.79 15.41
93010 140.403 35.97 34.21 -15.67 11.25
93011 139.464 35.925 24.45 -2.24 5.94
93012 139.993 35.94 29.96 -9.23 6.44
93013 139.652 35.938 27.57 -4.17 7.26
93014 140.145 35.874 30.63 -11.33 7.98
93015 140.407 35.803 34.36 -15.79 9.91
93016 139.813 35.78 26.98 -5.66 7.71
93018 140.025 35.786 29.44 -9.05 5.39
93020 140.315 35.725 32.35 -13.89 10.5
93021 140.647 35.777 38.81 -22.19 12.37
93022 140.837 35.726 48.12 -25.04 13.32
93023 139.902 35.675 25.23 -6.89 8.33
93024 140.448 35.642 34.83 -16.76 13.17
93025 140.187 35.544 25.15 -10.59 10.29
93026 139.673 35.563 20.76 -3.69 9.03
93028 139.468 35.521 17.13 -0.87 6.77
93029 139.323 35.483 15.52 0.06 7.09
93030 140.051 35.448 21.72 -6.93 8.83
93031 139.045 35.415 12.66 1.61 5.22
93032 139.654 35.437 16.93 -2.01 3.36
93033 140.337 35.421 26.87 -12.81 11.44
93034 139.466 35.327 12.64 -0.31 6.5
93035 139.263 35.305 12.06 0.11 6.46
93036 139.826 35.312 15.92 -4.01 8.51
93037 140.147 35.333 19.54 -8.1 10.08
93038 138.882 35.322 11.98 1.67 3.87
93039 139.844 35.144 11.81 -3.72 7.42
93041 140.268 35.166 17.82 -10.73 9.71
93042 139.11 35.149 7.77 1.71 4.44
93043 138.902 35.11 7.48 2.62 2.82
93044 140.079 35.112 12.91 -5.32 9.42
93045 139.954 35.255 14.85 -5.28 8.91
93046 138.998 35.015 6.78 2.86 5.16
93047 139.864 34.954 7.42 -4.28 6.11
93048 139.131 34.939 7.77 2.93 2.56
93049 138.925 34.916 5.12 3.19 2.23
93050 137.672 34.835 3.75 2.81 -0.81
93051 139.381 34.784 5.29 -4.39 1.82
93052 138.018 34.786 3.98 1.72 0.39
93053 138.99 34.751 4.41 3.59 1.67
93055 139.433 34.687 1.42 -3.23 4.5
93061 139.014 34.922 5.71 2.46 3.31
93062 139.124 34.879 7.56 2.42 4.79
93063 139.268 35.724 19.5 0.35 7.17
93064 138.976 35.623 14.76 1.64 6.52
93065 139.157 35.61 16.26 1.39 4.52
93066 139.205 35.428 12.96 0.36 4.25
93067 139.665 35.267 12.6 -2.23 7.68
93068 139.049 35.245 9.8 1.11 5.12
93069 138.445 35.444 11.15 1.58 4.86
93070 138.814 35.497 12.17 1.84 4.52
93071 138.563 35.362 10.44 1.82 1.31
93072 138.771 35.306 13.23 1.53 5.8
93073 138.446 35.289 8 2 1.21
93074 138.254 35.201 7.17 2.18 5.24
93075 138.617 35.203 9.79 1.83 3.79
93076 138.721 35.174 8.17 3.05 3.3
93077 138.525 35.067 7.27 1.89 3.07
93078 138.369 35.103 6.69 1.5 4.02
93079 138.135 35.104 6.16 2.11 3.4
93081 138.378 34.99 5.96 2.37 1.19
93084 137.695 35.079 5.31 2.09 0.72
93085 138.786 34.776 4.72 3.35 2.87
93086 138.838 34.61 3.64 3.78 2.94
93088 138.075 34.94 5.25 1.96 2.06
93089 137.932 34.844 4.34 2.39 2.86
93090 137.818 34.941 4.04 2.04 3.24
93091 138.137 34.758 4.27 1.97 1.77
93092 138.226 34.738 4.07 2.11 1.48
93093 138.054 34.715 3.72 2.32 0.65
93094 138.129 34.643 4.05 2.71 0.14
93095 137.937 34.67 3.8 1.84 0.55
93096 137.911 34.755 3.68 2.11 2.55
93097 137.792 34.793 4.66 3.02 -0.97
93098 137.823 34.672 3.38 2.26 2.37
93099 137.576 34.938 4.17 1.88 2.47
93102 137.434 34.865 4.01 2.85 0.79
93103 137.554 34.809 3.49 2.92 -0.16
93104 137.515 34.718 3.73 2.26 2.7
95105 139.171 35.041 7.44 1.18 1.42
940022 140.748 41.826 4.87 -10.18 1.38
940023 140.041 41.466 9.57 -10.7 2.3
940024 141.213 41.301 7.77 -14.45 2.48
940026 140.273 40.779 18.9 -21.08 -1.17
940027 141.789 40.133 50.13 -33.22 -6.99
940028 141.94 39.572 95.48 -31.05 -10.43
940029 141.204 39.111 83.37 -32.64 11.19
940030 139.776 39.968 38.33 -21.6 -4.09
940031 140.048 39.399 59.61 -27 -3.92
940032 139.809 38.895 60.61 -19.74 -5.39
940033 140.319 38.759 78.34 -24.61 -11.07
940035 140.366 38.331 80.38 -19.37 -6.62
940036 141.441 38.449 83.82 -28.85 23.31
940037 140.954 38.318 90.88 -29.78 9.57
940038 140.908 37.801 78.02 -24.35 9.61
940040 139.792 37.644 56.39 -4.61 -4.58
940041 140.903 37.091 69.76 -14.73 9.52
940042 140.612 36.54 36.2 -14.38 6.45
940043 139.726 36.402 34.38 -5.86 2.54
940044 138.906 36.698 31.7 0.9 3.11
940045 138.865 36.259 24.14 2.3 2.36
940046 137.851 36.5 17.91 2.5 0.81
940047 137.944 35.924 11.44 1.54 0.47
940048 138.583 35.59 11.6 1.15 2.77
940049 139.51 38.231 56.91 -10.27 -5.11
940050 138.989 37.897 42.48 -4.9 0.07
940052 137.487 36.929 18.77 -0.5 -0.56
940053 136.889 37.382 18.35 -0.64 -1.88
940054 136.65 36.663 13.53 0.58 -1.47
940055 136.173 36.231 9.11 1.64 -3.01
940056 136.106 35.603 6.12 1.36 1.01
940057 135.233 35.55 5.41 1.03 -1.39
940058 137.348 36.136 10.13 1.2 -1.27
940059 137.248 35.8 7.65 2.36 -0.89
940060 136.9 35.526 5.78 2.56 -0.76
940061 137.468 35.397 6.41 3.23 -0.07
940062 136.158 35.095 4.83 1.65 -0.93
940063 137.041 35.128 5.07 1.9 -0.51
940064 136.502 34.759 4.49 1.13 -0.95
940067 135.501 34.838 3.71 1.44 -0.89
940071 134.55 34.785 2.32 1.57 -1.09
940074 133.059 35.434 0.61 1.28 -1.18
940075 132.209 35.003 1.5 1.26 -2.67
940076 131.61 34.617 1.24 0.44 -2.14
940077 133.528 34.549 1.49 2.15 -1.75
950149 140.316 41.599 7.04 -11.6 3.02
950150 140.881 41.455 6.33 -12.72 3.94
950151 140.636 41.043 13.88 -18.64 3.25
950152 141.368 40.968 11.35 -19.11 4.06
950153 141.198 40.625 20.36 -28.57 2.12
950154 139.928 40.578 23.96 -19.1 1.21
950155 140.578 40.524 27.62 -25.88 0.57
950156 141.511 40.515 25.59 -28.35 1.35
950157 141.077 40.291 36.72 -39.47 0.72
950158 141.713 40.405 31.04 -27.57 -1.9
950159 141.294 40.291 35.58 -36.9 1.11
950160 141.462 40.049 53.77 -40.16 -1.19
950161 141.225 39.981 55.86 -45.05 0.35
950162 141.951 39.869 72.73 -31.81 -12.11
950163 141.165 39.851 65.57 -45.43 0.34
950164 141.804 39.849 74.71 -36.07 -8.01
950165 140.964 39.701 71.46 -47.52 -0.95
950166 141.172 39.597 78.48 -45.88 1.95
950167 141.955 39.458 99.18 -27.64 -4.79
950170 141.798 39.254 98.01 -27.52 4.17
950171 141.74 39.024 92.26 -25.29 10.41
950172 141.573 38.903 94.14 -27.32 12.82
950175 141.449 38.683 92.32 -27.48 20.5
950176 141.148 38.539 91.15 -30.65 19.21
950177 140.851 38.412 86.14 -24.97 11.01
950179 140.844 38.03 82.45 -22.18 13.84
950180 140.443 37.99 77.33 -9.86 -4.62
950181 140.577 40.325 35.53 -29.04 -0.18
950182 140.264 40.271 35.48 -25.7 0.87
950183 140.787 40.215 39.25 -35.63 -0.81
950185 140.402 40.007 46.2 -30.81 -2.65
950186 140.132 39.936 44.74 -25.54 -0.25
950187 140.597 39.749 63.99 -33.58 -7.96
950188 140.234 39.658 57.95 -28.85 -1.9
950189 140.387 39.549 64.74 -30.41 -4.29
950190 140.56 39.327 72 -34.94 -6.55
950191 139.908 39.206 57.62 -23.08 -1.17
950192 140.162 39.164 66.33 -27.4 -4.15
950194 139.548 39.186 50.22 -18.59 -0.58
950195 139.957 38.76 66.22 -20.98 -6.16
950196 139.832 38.594 64.31 -17.89 -6.82
950197 139.742 38.146 62.17 -10.47 -5.13
950198 140.094 37.964 68.91 -11.57 -6.14
950199 140.078 38.197 69.85 -12.63 -7.95
950200 140.466 37.683 72.42 -8.82 5.79
950201 140.755 37.561 70.84 -15.88 6.96
950202 140.073 37.567 60.46 -1.13 -4.65
950203 141.007 37.534 70.79 -25.09 6.15
950204 139.529 37.474 49.43 -4.07 -1.05
950205 140.662 37.325 62.32 -11.16 7.58
950206 139.364 37.303 44.66 -2.69 -2.47
950207 139.504 37.282 46.1 -2.32 -0.07
950209 139.871 37.261 52.08 -3.06 -3.8
950210 140.26 37.126 51.38 -5.01 6.23
950211 140.562 37.089 52.93 -12.08 4.17
950212 140.413 36.862 36.43 -13.22 6.44
950213 140.293 36.651 36.68 -11.65 4.66
950214 140.754 36.8 47.36 -20.51 7.45
950215 140.078 36.365 34.77 -9.23 4.3
950216 140.476 36.344 33.87 -13.03 7.46
950217 140.039 36.854 42.05 -5.33 4.31
950218 139.619 36.666 38.09 -2.11 2.96
950219 139.923 36.599 36.4 -6.19 4.69
950220 139.225 36.77 35.33 -0.4 2.48
950221 138.553 36.508 24.46 2.84 3.47
950222 139.33 36.422 31.97 -0.02 4.83
950223 139.076 35.987 21.84 1.36 4.91
950224 139.796 35.896 27.53 -4.94 6.15
950225 140.048 35.657 26.84 -7.16 7.55
950226 140.385 35.243 21.3 -12.4 7.76
950227 139.975 35.003 9.57 -3.22 5.98
950228 139.631 35.664 22.26 -2.49 6.91
950229 139.163 35.336 12.08 1.85 4.98
950230 139.142 35.269 10.58 0.44 4.93
950231 139.253 38.465 51.87 -9.88 -0.64
950232 138.513 38.319 35.98 -5 -0.06
950233 138.472 38.063 35.21 -3.92 2.42
950234 139.351 37.929 51.72 -7.19 0.01
950235 138.273 37.816 32.55 -2.6 3.98
950236 139.478 37.686 49.58 -4.85 -1.63
950237 138.78 37.667 37.04 -3.31 2.67
950238 139.059 37.662 42.54 -4.28 1.5
950239 138.998 37.468 40.38 -2.37 2.32
950240 138.79 37.311 36.11 -0.75 2.65
950241 138.334 37.231 29.37 -0.54 2.65
950242 138.934 37.166 36.73 -0.88 1.85
950243 138.1 37.161 25.79 -0.62 1.77
950244 138.609 37.079 32.98 2.01 4.26
950245 137.874 37.045 23.49 0.66 0.88
950246 138.831 36.993 33.7 0.72 2.71
950247 138.199 36.865 24.63 0.78 3.29
950248 136.996 36.741 14.24 1.24 0.52
950249 137.195 36.634 13.63 2.04 0.95
950250 137.44 36.579 15.02 0.9 1.1
950251 136.921 36.402 11.03 1.64 -0.65
950252 136.919 37.85 19.73 -1.93 -1.05
950253 137.27 37.446 20.25 -1.07 -0.81
950255 136.389 36.395 9.38 2.36 -2.2
950256 136.634 36.165 9.12 1.75 -1.96
950257 136.279 36.146 8.54 2.18 -1.74
950258 136.505 35.985 8.03 2.68 -0.7
950259 135.99 35.945 7.66 2 -2.04
950260 136.197 35.793 5.61 1.86 -0.1
950261 135.908 35.534 5.27 1.75 -0.55
950262 135.609 35.463 4.22 1.74 -1.03
950263 138.316 35.856 13.55 2.03 3.44
950264 138.695 35.747 14.56 2.83 4.27
950265 138.436 36.802 26.08 0.17 4.18
950266 137.872 36.706 19.11 3.25 2.99
950267 138.248 36.665 21.99 2.25 4.57
950268 138.322 36.386 19.47 2.5 5.02
950269 138.638 36.346 22.35 2.38 4.53
950270 137.903 36.322 16.11 2.19 3.55
950271 138.216 36.209 16.53 1.55 2.6
950272 138.461 36.131 18.32 3.5 4.43
950273 137.983 36.121 14.17 2.24 3.73
950274 137.696 35.784 9.5 3.55 1.59
950275 138.038 35.556 9.25 2.87 3.44
950276 137.815 35.521 7.96 3.76 2.15
950277 137.925 35.317 7.43 3.3 2.73
950278 137.588 35.247 5.67 3.41 2.01
950279 137.147 36.336 11.7 1.86 0.82
950280 136.953 36.033 7.73 3.08 -0.06
950281 137.535 35.974 10.57 2.71 1.18
950282 136.863 35.867 7.52 2.62 0.17
950283 136.975 35.758 6.67 3.63 -0.07
950284 137.425 35.657 7.79 3 0.47
950285 136.489 35.636 6.07 2.85 -0.2
950286 136.611 35.633 5.97 1.43 0.52
950287 137.174 35.612 6.72 2.63 0.88
950288 136.687 35.488 6.49 3.36 0.83
950289 137.125 35.479 6 3.28 0.92
950291 136.55 35.372 5.82 1.79 0.19
950292 137.11 35.367 5.44 1.9 0.96
950293 137.406 35.262 5.53 3.65 1.76
950294 136.593 35.228 4.98 3.04 0.71
950295 137.98 35.032 5.39 2.1 1.21
950296 138.516 34.986 5.76 4.45 1.48
950297 138.922 34.866 5.18 3.01 2.25
950298 136.93 35.335 5.43 2.46 0.48
950299 136.829 35.19 5.19 2.15 0.46
950300 137.254 35.139 5.09 3.27 1.1
950301 137.313 35.039 4.43 3.8 1.3
950302 137.06 34.995 4.41 2.75 2.1
950303 137.3 34.92 3.89 3.47 1.75
950304 136.868 34.823 4.59 2.51 1.55
950305 137.119 34.795 3.87 2.71 1.97
950306 137.278 34.649 3.51 2.92 2.3
950307 137.068 34.609 3.7 2.49 1.95
950309 136.637 34.914 4.14 1.94 0.21
950310 136.183 34.743 4 1.55 0.85
950311 136.551 34.547 3.35 2.22 1.55
950317 136.198 35.557 5.63 1.38 0.41
950318 136.054 35.466 5.73 2.03 1.09
950319 135.913 35.351 4.86 2.46 -1.19
950320 136.063 35.319 6.06 2.41 2.94
950321 136.236 35.269 4.99 2.2 -0.21
950322 135.871 35.137 4.17 2.22 1.39
950323 136.145 34.986 4.44 1.8 0.74
950324 135.906 34.94 0.3 1.95 -0.71
950326 136.055 34.869 3.77 1.3 1.58
950327 135.173 35.752 5.3 2.09 0.16
950328 134.932 35.556 4.62 1.79 0.82
950329 135.164 35.292 3.92 1.72 -0.87
950331 135.367 35.164 3.87 1.58 -0.18
950332 135.565 35.078 3.76 2.92 0.07
950334 135.864 34.747 3.57 1.89 1.86
950335 135.685 34.778 3.12 3.3 0.4
950336 135.518 34.678 2.57 1.47 0.92
950337 135.481 34.527 2.69 1.45 -0.05
950341 134.583 35.437 4.16 1.55 -1.18
950342 134.819 35.315 4.07 1.92 0.55
950343 135.182 35.105 2.99 2.08 -0.35
950344 134.586 35.094 2.64 2.47 0.02
950345 134.973 35.091 3.78 1.66 1.03
950346 134.404 34.998 2.69 1.64 -1.39
950347 134.767 34.985 2.73 2.12 -1.09
950348 135.326 34.977 2.8 1.43 0.16
950349 135.176 34.945 2.86 0.57 0.57
950350 134.545 34.897 2.91 1.55 -0.35
950351 135.216 34.812 3.36 1.37 -1.02
950352 134.997 34.805 2.11 1.7 0.24
950353 135.342 34.791 2.88 1.54 0.17
950354 134.829 34.787 3.29 1.28 -0.02
950355 135.38 34.724 3.07 2.14 0.88
950356 135.172 34.687 2.23 2.2 -0.86
950357 134.52 34.67 2.33 1.25 -1.51
950358 134.966 34.67 2.21 1.52 0.35
950359 135.024 34.577 2.58 1.69 -0.61
950364 136.05 34.567 3.79 2.72 2.28
950365 135.731 34.539 2.21 1.31 0.83
950378 134.047 35.457 2.34 2.18 0.51
950379 133.439 35.346 2.3 -6.46 -0.31
950380 134.237 35.266 2.26 1.84 0.49
950381 133.309 35.165 4.14 11.42 0.51
950382 133.24 36.285 4.91 0.44 -1.31
950383 132.984 36.093 3.9 1.41 -0.38
950384 132.743 35.393 1.54 2.15 0.29
950385 132.995 35.196 1.07 0.44 -0.41
950386 132.507 35.186 1.83 1.24 -0.06
950387 132.72 35.02 1.08 2.26 -0.13
950388 131.923 34.767 1.88 3.02 0.09
950389 133.792 35.264 4.26 2.43 -1.35
950390 134.32 35.1 3.29 0.29 -0.01
950391 134.235 35.021 3 1.15 -0.99
950392 133.734 35.003 2.99 1.86 -1.44
950393 133.961 34.983 2.43 2.32 -1.4
950394 133.598 34.81 2.47 2.18 -0.33
950395 133.929 34.791 2.88 0.87 0.09
950396 134.166 34.658 1.73 1.7 0.91
950398 133.12 34.944 3.06 3.06 -0.7
950399 132.277 34.727 1.32 2.03 -0.78
950400 132.54 34.679 2.67 1.57 -0.6
950401 133.107 34.672 1.55 2.16 -0.09
950402 132.824 34.571 0.2 -3.77 4.38
950403 132.464 34.539 1.62 1.22 -0.18
950456 129.482 34.656 0.85 0.03 0.13
960529 140.715 41.977 3.94 -9.35 3.8
960530 140.071 41.803 6.44 -10.32 3.94
960533 141.448 41.405 4.83 -10.66 5.14
960534 140.491 41.185 11.04 -15.4 3.75
960535 140.822 41.145 10.61 -17.83 4.11
960537 141.132 40.862 14.39 -24.24 6.49
960538 140.589 40.706 20.3 -23.97 2.24
960539 141.376 40.676 18.83 -26.37 2.9
960540 140.478 40.624 24.91 -23.37 2.37
960541 140.803 40.644 22.48 -26.89 -1.54
960542 140.452 40.91 15.34 -19.24 3.32
960543 141.066 39.953 53.75 -46.92 -2.81
960544 140.769 39.351 75.41 -41.75 -7.64
960546 141.576 39.143 98 -30.4 4.13
960548 140.848 38.546 85.25 -26.79 8.82
960549 141.213 38.425 88.36 -30.38 21.48
960551 139.849 39.891 41.28 -22.34 0.32
960552 140.045 39.826 47.75 -26.66 -2.28
960553 140.733 39.703 67.84 -34.86 -8.86
960554 140.507 39.199 73.41 -32.67 -5.48
960555 139.928 39.016 62.65 -22.12 -2.26
960556 140.365 38.497 83 -20.72 -6.68
960557 140.271 38.148 74.84 -14.06 -5.69
960559 140.206 37.616 62.44 -2.16 -5.18
960560 140.373 37.621 66.59 -6.35 0.12
960561 140.136 37.425 58.61 -2.46 -0.08
960563 139.586 37.097 44.54 -0.62 -0.9
960564 139.462 38.056 54.33 -7.74 -2.41
960565 138.37 38.024 34.13 -3.76 3.02
960568 139.02 37.32 38.66 -2.15 2.98
960569 138.243 37.057 26.87 -0.1 4.11
960570 137.894 36.951 22.13 0.61 2.8
960571 139.074 37.752 44.39 -4.92 0.78
960572 137.369 36.737 17.18 0.69 1.13
960573 137.032 36.65 14.1 1.06 0.96
960574 137.138 37.307 18.91 0.12 -1.02
960576 136.996 37.123 17.51 1 -1.26
960577 136.756 36.818 14.4 0.88 -1.89
960578 136.605 36.37 10.85 0.63 -1.33
960579 136.185 35.969 7.36 1.49 0.16
960580 136.056 35.837 6.8 1.95 -1.21
960581 140.498 36.743 33.33 -18.18 6.59
960582 139.988 36.301 34.12 -8.64 4.71
960584 140.202 36.031 33.16 -11.68 -0.68
960585 140.165 36.952 44.21 -5.34 4.55
960586 139.806 36.98 45.13 -2.11 0.66
960587 139.854 36.776 39.51 -3.4 3.8
960588 140.158 36.693 38.04 -9.6 5.41
960589 139.491 36.624 35.82 -1.16 1.68
960590 140.179 36.542 35.92 -11.22 4.22
960591 138.591 36.616 26.55 2.23 3.59
960592 139.067 36.235 25.03 0.92 4.25
960593 138.912 36.143 22.81 1.93 4.09
960594 139.434 34.761 2.35 -4.37 2.81
960606 138.69 35.65 13.49 1.46 5.35
960607 139.026 35.512 14.53 2.84 5.48
960608 137.984 36.239 16.95 3.28 4.28
960609 137.872 36.228 14.98 1.97 4.46
960610 138.499 36.285 21.1 3.46 4.56
960611 137.683 36.085 10.76 2.69 1.44
960612 138.214 36.026 13.98 3.16 3.65
960613 138.583 35.974 17.6 2.79 5.55
960614 137.598 35.88 9.33 2.35 0.79
960615 137.984 35.726 10.67 3.13 0.56
960616 137.676 35.344 6.48 3.25 1.7
960617 136.904 36.261 10.18 2.5 -3.52
960618 137.363 36.286 12.32 1.97 -0.92
960619 137.201 35.912 9.06 2.67 -0.22
960620 138.776 34.855 5.01 4.35 1.81
960621 138.928 35.204 9.48 3.6 1.55
960622 138.098 34.68 4.11 2.27 2.96
960623 138.183 34.678 4.06 2.28 3.38
960624 138.047 34.666 3.81 2.29 3.73
960625 138.159 34.635 3.81 3.34 1.66
960626 138.907 35.047 7.24 3.7 2.67
960627 140.086 36.104 32.64 -9.26 5.11
960628 138.939 34.699 4.23 3.34 2.33
960629 137.074 35.239 5.92 3.04 0.31
960630 136.966 35.168 4.7 3.07 1.53
960631 136.863 34.984 4.39 2.38 0.43
960632 136.832 34.904 4.38 2.41 1.45
960633 136.694 35.051 4.61 1.63 1.57
960634 136.393 34.855 3.92 1.88 1.13
960635 136.33 34.649 3.63 2.47 0.4
960638 136.265 35.42 5.12 1.85 1.57
960639 136.041 35.086 4.14 1.92 0.82
960640 135.034 35.685 5.01 1.09 0.5
960641 135.416 35.482 4.86 2.24 0.68
960642 135.549 35.276 3.77 1.71 -0.5
960643 135.773 35.053 3.8 1.4 2.07
960644 135.772 34.953 3.5 1.5 1.87
960645 134.677 35.621 4.02 1.72 0.16
960646 134.729 35.461 3.67 1.76 -0.15
960647 135.022 35.238 3.88 2.17 1.15
960648 134.771 35.163 2.92 2.45 -0.02
960649 134.945 34.936 2.78 1.44 1.57
960655 134.325 35.361 4.03 1.37 0.7
960656 133.138 35.563 3.23 1.34 1.1
960657 132.457 34.893 1.71 1.74 -0.38
960658 132.014 34.571 0.7 1.4 0.9
960660 133.564 35.17 8.3 -0.85 0.8
960662 133.396 34.993 2.5 4.03 -0.8
960663 132.852 34.812 3.04 2.41 0.19
960664 133.338 34.778 2.01 1.99 1.05
960668 131.152 34.764 1.44 0.99 0.59
960752 139.057 36.539 30.09 1.3 3.85
960753 139.269 36.004 24.48 -0.11 5.1
960754 139.182 35.884 20.95 0.9 4.92
960755 139.366 35.801 21.17 -0.37 5.55
960756 140.249 35.288 21.11 -9.8 8.76
960758 139.37 35.616 21.36 1.43 3.9
960759 139.614 35.161 11.5 -0.26 5.41
960760 135.79 34.882 3.74 1.68 1.59
960761 135.619 34.621 3.1 1.53 1.44
960762 134.66 34.864 2.47 1.04 0.52
960763 135.706 34.698 3.4 1.4 1.07
960764 135.82 34.574 2.82 1.9 0.84
960765 134.176 34.81 2.15 1.35 0.24
960766 133.757 34.579 1.81 1.46 -0.27
970794 140.371 41.935 5.55 -8.85 0.51
970795 141.453 39.849 70.64 -41.7 -1.32
970796 140.988 39.127 83.46 -38.24 -0.32
970797 140.646 37.984 80.24 -15.43 2.69
970798 140.823 40.045 46.27 -39.67 -5.26
970799 140.095 38.434 71.8 -16.31 -6.73
970800 140.842 37.018 81.82 -7 12.12
970802 138.945 36.778 33.49 0.59 4.51
970803 140.2 38.289 73.11 -15.44 -5.59
970804 139.522 35.419 15.59 -0.7 6.34
970806 138.88 37.777 40.2 -4.51 2.42
970807 138.78 37.499 37.53 -1.48 1.92
970809 138.457 35.674 13.11 1.98 5.89
970810 138.92 37.59 40.06 -2.17 3
970811 137.529 35.575 8.58 3.25 2.12
970812 136.47 35.36 5.02 1.25 2.78
970813 138.974 35.114 7.87 2.69 2.26
970814 138.876 34.719 3.92 3.71 0.84
970815 138.61 35.117 7.44 3.23 2.28
970817 138.21 35.067 5.91 1.47 2.31
970818 138.082 35.045 5.53 3.38 4.35
970819 137.947 34.902 4.29 2.73 2.87
970820 138.177 34.849 4.96 3.08 2.25
970821 137.681 34.752 3.3 2.28 1.38
970822 136.789 35.301 5.18 2.06 2.39
970823 134.588 35.283 2.99 1.34 0.46
990838 138.763 34.69 4.1 4.31 0.85
990840 138.331 34.836 5.25 3.36 2.67