000843 134.04954669711648 35.174887007614544 1.0007539749145509 -0.5337355613708497 0.0006357840000021042
010844 140.81054264588744 40.83440299266197 4.003017425537109 -5.1038471221923825 0.001166883400000529
010845 140.32440608399125 37.36182224068101 15.567289924621582 -1.9681501865386963 0.0008324230000027911
020847 137.86876359234756 35.160451182707114 1.779118537902832 -0.2891068458557129 0.0009407979999991767
020888 140.01177806424934 42.68533493428772 0.7783647537231445 -1.6456849098205566 0.0008344197000006659
020892 140.92933456661015 41.74058994678514 0.7783645629882813 -2.7909926414489745 0.0015231784999997443
020893 140.53502856530255 41.711322961702635 1.4455343246459962 -2.7909927368164062 0.001193901400000641
020894 141.09446916897068 41.46615755880059 1.5567293167114258 -3.3580867767333986 0.0019585599999999205
020895 140.9838166604259 41.1996606883443 2.44628791809082 -3.8918224334716798 0.0022999218000002487
020896 141.38569568798167 41.16093098675579 2.1127035140991213 -3.8695834159851072 0.0009358544000001246
020897 140.2935326695265 41.12172020619298 3.0022634506225585 -3.6916715621948244 0.0005544403000001807
020898 140.01100015308137 40.73062983076556 4.558991622924805 -4.303243637084961 0.001118572999999401
020899 141.10602877244762 40.57997601632229 5.3373565673828125 -6.671695613861084 0.00016687800000170228
020901 141.33200066746113 40.50875371270484 6.782890510559082 -7.138714218139649 0.0008394160000023021
020902 140.941597776802 40.44762753820635 7.450060081481934 -7.327745723724365 0.0003994400000010501
020903 141.48487258904467 40.271036318254545 10.229933166503907 -8.183946514129639 0.00113446999999951
020904 141.0464660298588 40.10673961584258 11.45307731628418 -9.529405212402343 0.0001516879999996945
020905 141.66219077264347 39.97094932499905 17.679993629455566 -9.262537384033203 -0.0013038590000007844
020907 141.42614790728115 39.63935935269238 23.017349815368654 -9.7406756401062 -0.00044364300000552246
020908 140.836336163078 39.55444785697545 18.235968017578124 -9.318134784698486 -0.00037077999999723943
020909 141.29302353560774 39.4646829818207 23.462129592895508 -9.273656940460205 -0.00025099899999929675
020910 141.31169991542856 39.23536375504552 24.79646816253662 -7.872600746154785 0.0002729350000009845
020911 141.40088691687677 39.01209543697207 25.352443504333497 -6.860726928710937 0.0013426949999995942
020912 141.14855297797922 38.9954528943302 23.906909370422362 -7.594613552093506 0.0019333230000000868
020913 140.83321097745167 38.93402150788125 21.46062068939209 -7.861481380462647 -0.0015835690000017167
020914 141.31790036285625 38.74320849098058 25.01885814666748 -6.794009971618652 0.002397101599999729
020915 141.00436605264827 38.68612563675114 23.23973979949951 -7.416701698303223 0.0012596529999996165
020916 141.1607545217336 38.66061947757262 24.90766372680664 -7.116475296020508 0.0024965551000001086
020917 140.72774933355765 38.57180434939306 21.0158411026001 -5.9044506549835205 -0.0011041410000018459
020918 141.30443631064907 38.509832591649946 23.79571418762207 -6.871846389770508 0.0029204820000003906
020920 140.7276895615747 37.824596391646836 20.015086555480956 -4.292124176025391 0.0007106149999970057
020921 140.02757345303453 40.3393920822745 7.005280494689941 -4.9592937469482425 0.0006468869999999072
020922 140.40816140262243 40.18331152003463 9.117984199523926 -6.126840591430664 -0.0005576203999993368
020923 140.00550499634315 40.09969507577815 8.673204231262208 -5.426312351226807 0.0004753940999997042
020924 140.53586783486497 39.92138516833659 12.231442070007324 -6.983041381835937 -0.0002760050000006231
020925 140.05394036233525 39.527559355746035 13.89936580657959 -5.815494632720947 2.8810400000622848e-05
020926 140.59610483033467 39.508130205804264 17.124018669128418 -7.505657482147217 -0.0011437760000006848
020927 140.27893044686857 39.296742959591136 15.789679527282715 -6.22691593170166 -0.0009441409999993766
020928 140.71507140863415 39.14619384458813 19.34791679382324 -8.272902488708496 -0.0032913040000039475
020929 140.44735378327923 39.05437360530982 18.235968017578124 -6.449305725097656 -0.001834575000000882
020930 140.18349245055188 38.93809718984308 16.679239082336426 -5.771016693115234 -0.0017123139999995374
020931 140.49728358226116 38.75214989751336 20.348671531677248 -5.404073429107666 -0.0024824130000013155
020932 139.6745411643732 38.70116323916739 14.010560989379883 -3.9918978691101072 -0.0006457363999999189
020933 140.22052637901479 38.628409429715646 18.235968017578124 -4.67018690109253 -0.0027621040000042284
020934 140.39390438334695 38.17043605715577 19.68150177001953 -4.058614778518677 -0.002433182000004308
020935 139.8794228458227 37.92058294740891 15.344899749755859 -2.3795713424682616 -0.0011400039999955424
020936 140.44681586473124 37.8334931748766 18.68074760437012 -2.3350934028625487 0.00010244800000123178
020937 139.9726774483367 37.66928697301877 15.011314964294433 -2.2461374282836912 -0.0006290330000013
020938 140.57166929689876 37.59108846524904 18.124773025512695 -3.4248037338256836 0.0016080970000018624
020939 139.8355374368561 37.46128825263906 13.676976203918457 -1.801357889175415 -6.19419999964066e-05
020940 140.46404938686575 37.44487001847342 17.568798446655272 -2.646439218521118 0.0005212630000016816
020941 139.68635800080443 37.326209646316805 12.342636680603027 -1.5567289352416993 0.00026941799999349316
020942 140.2127611685047 37.29304023582061 14.7889253616333 -1.6345654487609864 0.0005966959999966548
020943 140.4509871257827 37.21056099347445 14.677730178833007 -2.7909927368164062 0.0012168569999971624
020944 140.71601578303776 37.18308939311066 15.567289924621582 -4.058614921569824 0.000962261999995917
020945 140.37628412990958 37.02357970025889 13.009806251525879 -3.046741008758545 0.0011334709999971438
020946 140.69016571181874 36.93261899710798 15.122509956359863 -3.524879217147827 0.00036598099999878285
020947 140.38570168452387 36.47584888425995 10.78590793609619 -3.725029993057251 0.0005343264000003956
020948 140.03542223584734 37.12469900934291 12.565026473999023 -1.590087366104126 -0.0002514890000043124
020949 139.50532352522865 36.87224696812643 10.452323150634765 -1.4010561466217042 0.00023055999999996857
020950 139.75279816592214 36.53763259962571 10.22993335723877 -2.1571815967559815 -0.00022206799999935356
020951 139.90251560337336 36.45657996837992 10.56351833343506 -2.790992593765259 0.0005097079999998755
020952 139.06085981723922 36.837354842563855 8.89559383392334 -0.9673959732055664 0.0006009290000065448
020954 138.84789739225437 36.59137705874997 7.338865280151367 -0.5448551654815674 0.0008226750000005723
020955 139.01671629568517 36.39534665083554 7.45005989074707 -0.5003771305084228 0.0006405010000008815
020956 139.25464504928837 36.26769135491819 7.783644676208496 -0.811722993850708 0.0010356844000000364
020957 138.7029885986392 36.20026628195779 5.782135963439941 -0.13343396186828613 0.0006943059999912293
020958 138.92605681558263 35.9299280564337 5.114966773986817 -0.3558237552642822 0.0004061999999976251
020959 139.9684715279151 35.143802900109996 3.224652862548828 -1.0007543087005615 0.0012467310000005226
020960 139.36606596664456 35.39148818038643 3.7806278228759767 -0.40030179023742674 0.0016974529999998823
020961 139.11145804410054 37.540340987651646 10.341127967834472 -1.6012069702148437 0.0003731410000000324
020962 138.634606577154 37.212113043028594 7.894839859008789 -1.0341128826141357 0.000899787000000174
020963 139.24711726453953 37.15761546215476 10.118738174438477 -1.679043436050415 0.0002003740000077414
020964 138.45736658360335 37.107084558494115 7.561255073547363 -1.1341882705688477 0.000917119999999727
020965 140.29649976216416 36.77895491541068 11.230687713623047 -3.469281768798828 0.0006044669999994313
020966 137.0264367980763 36.91950782688851 3.78062744140625 -0.8006034374237061 0.00035343320000009727
020967 137.55133120322455 36.86434439697655 4.447797203063965 -0.6004526138305664 0.00026864600000067187
020968 137.15447804930358 36.75795041767848 3.7806272506713867 -0.5559746265411377 0.0010481509000001665
020969 136.80640646930226 36.59209049371644 3.0022632598876955 -0.5893331050872803 0.0006551690000009102
020970 137.2392279135131 36.4727997717422 3.66943244934082 -0.45589919090270997 0.0003778490000001966
020971 137.03394466203315 37.43225773051212 4.558991813659668 -0.8228424549102783 0.000323244200001227
020972 136.90877653333374 37.2264361076443 3.780627632141113 -0.8228424549102783 0.00037309800000002725
020973 136.54067799354647 36.53726572550632 2.779873085021973 -0.6449305534362793 0.00045048200000010754
020974 136.36164613623086 36.22956348892401 2.335093307495117 -0.4336602210998535 0.0011554079999996248
020975 136.04895047547345 36.10973324516462 2.1127038955688477 -0.5559746742248535 0.0005537921000005497
020976 136.65774224416978 35.90141422820353 1.890313720703125 -0.4336602210998535 0.0014635750000024927
020977 136.33958177726598 35.88821681529999 1.7791189193725585 -0.5559746742248535 0.0007204360000002908
020978 135.75564599742282 35.48657242851445 1.4455341339111327 -0.5782135486602783 0.001332654499999819
020979 138.4442179590819 35.90493273632499 3.8918222427368163 -0.15567288398742676 0.0014036900000064633
020980 138.94999066073044 35.75387130655189 4.558992004394531 -0.3224652767181396 0.0013408759999947507
020981 138.60687034346773 35.4676921305335 3.66943244934082 -1.49001202583313 0.001263210000001891
020982 138.6242568691954 36.85668689279494 7.783645057678223 -0.3113457679748535 0.0009115210000004481
020983 138.0967323116128 36.70664693588402 5.337356376647949 -0.4447797298431396 0.0008169640000005529
020984 138.1209505848645 36.52360413312288 5.003771591186523 -0.3113457679748535 0.00028636299999789115
020985 138.36604729146234 36.26098776549524 4.892576408386231 -0.23350934982299804 0.001028501000007509
020986 137.7854384637919 35.944601177426826 2.779873085021973 -0.26686782836914064 0.00161160000000109
020987 138.09570919627072 35.87841844304256 3.3358480453491213 -0.3891822338104248 0.0016399650000039402
020988 137.45088184073134 35.81555291156545 2.4462881088256836 -0.2891068458557129 0.0007010299999819835
020989 137.6201586676155 35.66122832588443 2.2238988876342773 -0.3780627727508545 0.0010060359999897628
020990 137.08053071416006 36.14026337457 2.668678092956543 -0.3780627727508545 9.228100000200357e-05
020991 136.78462185785492 35.72348803998773 1.7791187286376953 -0.4781381607055664 0.001118084000000863
020992 137.3090953443417 35.52312898775288 1.7791189193725585 -0.30022625923156737 0.0007402769999998781
020993 136.54529278395 35.4800593495279 1.5567287445068358 -0.38918228149414064 0.0009213459999998008
020994 137.2523185459305 35.30055099240312 1.667923927307129 -0.3335846424102783 0.0009829249999995682
020995 137.5753327866172 35.10002289856018 1.4455339431762695 -0.34470429420471194 0.0005998720000093272
021001 135.08764797409074 35.419524929558506 1.2231443405151368 -0.7005280494689942 0.0010905219999983728
021002 135.34070155271183 35.33345968542356 1.2231443405151368 -0.4447796821594238 0.0008936790000007022
021003 135.6342126531453 35.15518223177411 1.0007543563842773 -0.5782136440277099 0.0005808010000009744
021014 134.19527393077686 35.529859101977046 1.22314395904541 -0.7672450542449951 0.0008336337000002913
021015 133.49513739368675 35.50693584378659 1.2231441497802735 -0.7672449588775635 0.0004138065999995888
021016 133.86975050704615 35.493201826161204 1.2231441497802735 -0.733886432647705 0.0008018296999999563
021017 134.1559502287804 35.340591994758185 1.000754165649414 -0.5893331050872803 0.001057510000001116
021018 132.9219937076465 35.49191011068673 1.1119491577148437 -0.8006035327911377 0.0012979339999986904
021019 133.19208980347182 35.31069259086159 1.2231443405151368 -0.745005989074707 0.00028125900000190994
021020 132.9026950734641 35.309725131544106 1.1119495391845704 -0.7894839763641357 0.0013008704000000647
021021 132.66901062556644 35.23307844137494 1.0007543563842773 -0.8339619159698486 0.0008728170000011914
021022 132.38556730087626 35.03190105447412 1.0007547378540038 -0.7561254501342773 0.00029103300000201673
021026 133.6807621096118 35.28295720026293 1.1119489669799805 -0.6671694755554199 0.0004095870000014656
021027 133.91269022215823 35.105025119951854 1.000754165649414 -0.7005280971527099 0.0010741249999995262
021030 132.9020954658385 35.03521205509824 0.889559555053711 -0.8339619636535645 0.0008830669999952079
021100 138.72730528487753 35.360770345817144 -0.3335845947265625 1.95703067779541 0.001536069999974643
021101 136.50375862940908 35.10476182264495 1.0007539749145509 -0.4336602210998535 0.0013657609999995657
031102 138.18578566372148 35.322074808857316 1.8903135299682616 -0.011119413375854491 0.0019857680000086473
031127 137.8144799979416 35.77753447745393 3.1134580612182616 -0.3669432640075684 0.0008837800000037532
031128 136.7287538454856 35.405133653757936 1.4455345153808594 -0.6115721225738525 0.0003455964999993455
041135 133.69957504097925 35.4903993517386 1.111949348449707 -0.7116475105285645 0.0007653765999990014
041138 137.5959754042869 36.57696779049631 4.225407218933105 -0.7450059413909912 -0.00024892999999792664
051145 141.28323333909728 38.90192038828902 24.79646854400635 -7.294387245178223 0.0014663687000009418
061150 140.89879684201972 42.557931162541976 0.0 -1.6679238319396972 0.0012568740000006074
071158 136.77271101237304 37.00071865963282 3.6694326400756836 -0.6671695709228516 -2.6385099999970407e-05
071162 139.53384128622673 38.51119289986304 13.454586219787597 -3.4470426559448244 -0.0005852264999987256
071163 139.27619749155727 36.60233772085609 9.117984008789062 -0.9896347522735596 0.0012324400000011337
081167 134.491499564942 35.535625161604365 1.000754165649414 -0.7227670669555664 0.00045812500000010916
081170 135.77480939734062 35.20664928040765 1.2231441497802735 -0.46701860427856445 0.0006695919999970101
081171 139.64454750194204 35.75802890820534 6.671695709228516 -1.0897102355957031 0.0012770101000000977
081173 141.1421797789156 41.83399424230573 0.7783647537231445 -2.468527412414551 0.0014636365000001207
091174 140.29500307156633 40.57517687390377 5.8933309555053714 -5.126086139678955 0.0010226410000001352
091175 140.99023298454932 40.921148943143706 3.5582374572753905 -4.94817419052124 0.0015595253000000753
091179 140.75474622953953 38.25774226882374 21.127036094665527 -4.848098850250244 0.0002985249999994721
091180 134.33046033177914 35.58670823691435 1.2231441497802735 -0.5226161003112793 0.0006634075000000906
92106 139.08197138622228 35.00685288160474 2.0015087127685547 -0.06671695709228516 0.0014863460999997359
92110 140.08719602809933 36.106113995705826 10.563518142700195 -3.1245774745941164 0.0008835671999989358
93001 139.54230591629326 36.29516272857701 8.895594215393066 -1.4677730083465577 0.0006114587000013216
93002 140.17427058058905 36.263268379847176 10.674712944030762 -3.5026401042938233 0.0013872304999992479
93003 139.8105321243631 36.203671681729546 9.89634838104248 -2.2350179672241213 0.000694867799998633
93004 140.54448948228773 36.181305971641784 12.009052276611328 -4.23652663230896 0.003568816599999991
93005 139.34517427686635 36.120951345476904 7.45005989074707 -0.9229179382324219 0.001041132800000355
93006 140.3431563786194 36.09693573826512 11.230687522888184 -4.225407218933105 0.0020594195000001037
93007 139.63672853109352 36.08722735963461 8.7843994140625 -1.501131534576416 0.0009012685000001852
93008 139.79962950873087 36.01086709103097 9.22917881011963 -1.8791943073272706 0.0011799691999996754
93009 140.65924144664694 35.955453865194826 13.676976013183594 -6.271393871307373 0.004977684300000363
93010 140.40295649343463 35.970407990532514 11.564272117614745 -4.670186948776245 0.0030532311000001757
93011 139.4642893279715 35.925504578042585 6.894085502624511 -0.9451568603515625 0.0011114747999997122
93012 139.9927271684036 35.94029107236886 9.896348190307616 -2.52412486076355 0.0010532496999999807
93013 139.6518645419477 35.93747055876438 8.117229843139649 -1.4455340385437012 0.0014676633000000549
93014 140.14549768315914 35.87364748544713 9.89634838104248 -3.258011293411255 0.0013014759000000709
93015 140.4070120910764 35.803328778922264 11.786662292480468 -4.937054777145386 0.0028300626000003605
93016 139.81281570609744 35.78021408316539 7.894839477539063 -1.612326431274414 0.0013828265000000784
93018 140.02475899679692 35.786465663521 9.229179000854492 -2.3906908512115477 0.0012800683999998341
93019 139.48825772837898 35.71036622671287 5.782136154174805 -0.8117229461669921 0.001801864000000819
93020 140.31515012696997 35.71759774861214 10.452323150634765 -4.058614873886109 0.001969210299999702
93021 140.64682729886616 35.777301539164604 14.121755218505859 -7.3499846935272215 0.004119831100000226
93022 140.8372359103813 35.72635375735788 18.23596820831299 -8.228424501419067 0.004178015299999771
93023 139.9023578660429 35.675463438271805 7.6724494934082035 -1.6790433406829834 0.0018573505999995633
93024 140.44830526480703 35.64235265701055 11.453077507019042 -5.037130117416382 0.0021542096000004562
93025 140.18656665408307 35.54414360516398 7.783644676208496 -2.5018858909606934 0.0017990592999993283
93026 139.67335563739866 35.56340276954262 5.448550987243652 -0.8784398555755615 0.001494089799999898
93027 140.31823962696726 35.530115263310734 8.895594215393066 -3.502640199661255 0.0019240056000001005
93028 139.46784374051998 35.52140904030171 4.558991622924805 -0.46701860427856445 0.001152086999999824
93029 139.32257893149998 35.482641268509354 4.225407409667969 -0.26686782836914064 0.001404497000000049
93030 140.05133475686358 35.447783377322594 6.004525947570801 -1.6456849575042725 0.0015372456000008583
93031 139.0451811827725 35.41535102898166 3.8918224334716798 -0.04447803497314453 0.0015295200000025489
93032 139.65374976779273 35.436484271385844 4.447797203063965 -0.7116475582122803 0.0012405209000007744
93033 140.33737401191067 35.42112596294729 8.228424453735352 -3.2357723236083986 0.0020929827999999874
93034 139.46607046666222 35.32668151233474 3.558237838745117 -0.444779634475708 0.0013805715000003715
93035 139.26269634430716 35.30489957218338 3.335847854614258 -0.34470424652099607 0.0014694869999999582
93036 139.8255217014349 35.31170215103228 4.114212417602539 -0.867320442199707 0.0013045980999997653
93037 140.146793843629 35.333139289084265 5.448551368713379 -1.7457602977752686 0.0019265973000003101
93038 138.88165214883756 35.321603983451894 4.89257698059082 0.0 0.0009700090000023919
93039 139.8435700250916 35.143709365184854 3.1134578704833986 -0.833961820602417 0.0011462276999999687
93041 140.26802349581348 35.16590051178197 4.447797012329102 -1.8569552421569824 0.0017349999999993315
93042 139.11043717265704 35.1486049897045 2.0015087127685547 -0.42254066467285156 0.0011191090000004067
93043 138.90186003612516 35.1100160196307 2.0015087127685547 0.04447803497314453 0.0010550163999994311
93044 140.07926931796698 35.11186069547057 3.4470428466796874 -1.100829839706421 0.0012989346999994211
93045 139.954343651185 35.25480799614054 3.8918222427368163 -1.0118738174438477 0.0018107530000008865
93046 138.99792773647553 35.01482751915772 1.8903135299682616 -0.0889559268951416 0.0013528500000006716
93063 139.26813445539582 35.723758077782264 5.226161766052246 -0.3335847854614258 0.0012075279999976373
93064 138.97585629223093 35.623349259379076 3.8918224334716798 -0.23350934982299804 0.0014050320000023931
93065 139.15722740005225 35.610274102114644 4.2254070281982425 -0.18903141021728515 0.0006967979999984664
93066 139.20486858560125 35.42851873798776 3.7806278228759767 -0.21127047538757324 0.0017018460000031155
93067 139.66483872378979 35.26709391393883 3.5582374572753905 -0.7672449588775635 0.0008854882000001396
93068 139.04933992849536 35.24551619530799 3.0022628784179686 0.022239017486572265 0.001547535000008793
93069 138.44524845624963 35.44357985876606 2.8910682678222654 -0.3669432640075684 0.0005015399999990678
93070 138.81403849741423 35.49658938718356 3.3358476638793944 -0.4447797298431396 0.0018121819999919353
93071 138.56343603069504 35.3620781712881 2.779873085021973 -0.7227670669555664 0.001377564999995684
93072 138.77067614803403 35.30553953963308 6.226915740966797 -0.3113457202911377 0.002703909999991083
93073 138.44570041299858 35.289461534531725 1.7791187286376953 -0.2557483673095703 0.0005705899999981056
93074 138.2535147873496 35.200979051947776 2.001508903503418 -0.43366031646728515 0.001104099999997743
93075 138.6169889761131 35.20318348534722 2.8910680770874024 -0.22238988876342775 0.0009834229999995613
93076 138.72154288204723 35.17359028907687 2.223898696899414 0.5670941829681396 0.0012740530000002082
93077 138.52471044723026 35.0674075927976 1.779119110107422 -0.17791190147399902 0.0004905829000001916
93078 138.36869715761344 35.10345861665567 1.6679241180419921 -0.4447795867919922 0.00036762999999950807
93079 138.13490209922182 35.10391187238261 1.4455343246459962 -0.22238988876342775 0.0007590829999969628
93084 137.69523653138847 35.079292942857386 1.5567289352416993 -0.4114211559295654 0.0013326759999984007
940014 141.7306707832213 42.983252943800736 0.0 -1.4010560989379883 0.0009223633000004838
940017 139.85766905507683 42.4507341492121 0.8895591735839844 -1.95703067779541 0.0010938133999999877
940018 140.94240633120128 42.37421431329863 0.2223896026611328 -1.9681502342224122 0.0011022609999997712
940020 139.51960181161792 42.153545190961616 1.4455341339111327 -2.1460620880126955 0.00013277329999965558
940021 140.1073246578527 42.00807378229242 1.22314395904541 -2.424049472808838 0.0009427485999992768
940022 140.74782721065122 41.82607203534877 0.889559555053711 -2.5686028480529783 0.0012810990999994943
940023 140.04065393320903 41.46637512279088 2.112703323364258 -3.0578604698181153 0.0010813829999989366
940024 141.21327691463824 41.30077055783554 1.6679241180419921 -3.280250358581543 0.0009299080000005234
940026 140.27298543295743 40.77898187693904 4.2254070281982425 -4.570111465454102 0.0009235033999999587
940027 141.78910454757332 40.13344376264604 13.676976203918457 -8.350739002227783 -0.0010236718000001589
940029 141.20394182984197 39.11061622042102 23.573324394226074 -7.750286388397217 0.001256579999997598
940030 139.77615692795825 39.967899871895554 8.784399223327636 -4.703545475006104 0.0004950230000005717
940031 140.04825157024501 39.3986930108023 14.121755981445313 -5.871092128753662 -8.835699999991675e-05
940032 139.80886344733284 38.8945999851022 14.232950401306152 -4.647947978973389 -0.00045520059999972775
940033 140.31875196338467 38.75859121441066 19.68150215148926 -5.593104839324951 -0.0019485150000008388
940035 140.36610316537102 38.33102445469468 20.126281547546387 -4.503394508361817 -0.001355022999999278
940037 140.95420944660202 38.31748153437293 22.794960021972656 -6.004525947570801 0.0016547168999991868
940038 140.9081038271762 37.80066737764924 20.459866333007813 -5.72653865814209 0.0016083035000008295
940040 139.7915166413827 37.6436953123283 13.676976203918457 -1.8569551944732665 -0.00011102800000060143
940041 140.90253047277253 37.09071126781577 19.681501960754396 -4.714664888381958 0.0014425420000009127
940042 140.61184536918017 36.539926923839154 11.34188289642334 -3.8695834636688233 0.0016217100000005757
940043 139.72642768370116 36.401847414574796 10.00754280090332 -2.0571061611175536 0.0004811189999998078
940044 138.906261745617 36.69703586631291 8.006034660339356 -0.7561254978179932 0.0008122479999997268
940045 138.86540913956782 36.259032402330526 6.226916122436523 -0.23350934982299804 0.000845393999998123
940046 137.85112480885914 36.499766754850526 4.225407218933105 -0.3224652767181396 -0.00025633300000436063
940047 137.9438087575104 35.92358085870587 2.8910682678222654 -0.26686782836914064 0.0014400070000078814
940048 138.58329977057133 35.59033578556458 3.5582374572753905 -0.7338864803314209 0.0007342999999991662
940049 139.50957910498352 38.2306878212307 13.565781211853027 -2.6797976970672606 -0.0004105324999997606
940050 138.98887222212593 37.896469973015904 10.007542991638184 -1.7568798542022706 0.0005305754999994861
940051 138.5744032942483 37.39767904905933 7.7836448669433596 -1.0785908222198486 0.0008957328000001041
940052 137.4872329573091 36.928958079732325 4.558991622924805 -0.6449305534362793 0.0007159009999995192
940053 136.8891680785935 37.38237533661623 4.1142120361328125 -0.622691535949707 0.0007587386000004415
940054 136.64994174843002 36.6634122105857 3.002263069152832 -0.6115721225738525 0.0009498867999994332
940055 136.17297590458864 36.231172828229816 2.112703323364258 -0.42254066467285156 0.0006510214999998709
940056 136.1058086938946 35.60256086042601 1.4455337524414062 -0.34470429420471194 0.0013212249999995152
940057 135.2333846631177 35.54990393754849 1.3343391418457031 -0.46701860427856445 0.0001572164999998904
940058 137.34791201397778 36.13599315557389 2.8910680770874024 -0.644930648803711 0.001210802999992211
940059 137.24837437435355 35.80048395694259 2.0015087127685547 -0.26686773300170896 0.00035119800000416035
940060 136.90002557700387 35.52607242990722 1.7791189193725585 -0.3669432640075684 0.0005813399999993862
940061 137.46757454663026 35.396765413901264 1.779119110107422 -0.30022625923156737 0.0010092050000025665
940062 136.15823268467187 35.09472774965707 1.3343389511108399 -0.3669432163238525 0.0005494020000014644
940063 137.04128567425994 35.128109292921174 1.4455341339111327 -0.31134586334228515 0.0006256929999992166
940074 133.0586545036906 35.43387480049411 1.111949348449707 -0.7116475105285645 0.0009255304999996383
940075 132.20897599550622 35.00281187241297 0.889559555053711 -0.7227670669555664 0.00045358710000016346
950127 140.54393819808692 42.98525208516625 0.2223897933959961 -1.6012069702148437 0.0006268740999999523
950128 141.29033250318943 42.97137784716958 0.11119518280029297 -1.534489917755127 0.0009822219999989557
950129 140.88334123674392 42.857889220755695 0.33358516693115237 -1.2565027236938477 0.0015169700000001285
950130 140.603518909904 42.80271730492895 0.3335845947265625 -1.5678484916687012 0.0005829916000010371
950131 140.23320350630794 42.7864338988792 0.4447795867919922 -1.8235968589782714 0.0013411989000005065
950132 141.86398207993693 42.72944074301949 -0.2223897933959961 -1.5233705520629883 0.0011313927999999861
950135 141.07495542221687 42.66787578598246 -0.3335845947265625 -1.6456849098205566 0.0010318019999999706
950136 141.60225965727153 42.65552981859473 -0.11119441986083985 -1.501131534576416 0.0009561702000006278
950137 140.8256837719319 42.64628979664334 0.0 -1.512251091003418 0.0008411399999999958
950139 141.3614805290646 42.54980017297782 0.11119499206542968 -1.734640884399414 0.0004349111999999877
950140 140.35419751271175 42.49435957594755 0.4447797775268555 -1.9347918510437012 0.0010371915000000342
950143 140.25048225066257 42.243676856374066 0.6671697616577148 -1.9681501388549805 0.0005653461999997944
950145 140.0039472704351 42.130847893098526 1.0007543563842773 -2.157181644439697 0.0009341758000005029
950146 140.5687761453977 42.098671364185094 0.6671697616577148 -2.3017349243164062 0.001168877899999643
950147 140.80554186143274 42.04296678898588 0.6671693801879883 -2.3573323249816895 0.002258664400000043
950149 140.3158901191459 41.59902503163682 1.3343389511108399 -3.024501991271973 0.001296444400000496
950150 140.88050746019516 41.45529582857668 1.779119110107422 -3.458162212371826 0.001168306399999608
950151 140.635894864953 41.04321908124154 3.1134580612182616 -4.069734287261963 0.000972123100000033
950152 141.3679654182752 40.96824138728147 3.0022628784179686 -4.54787244796753 0.0008981815999995035
950153 141.1978349567633 40.62506585954565 5.337356376647949 -6.3492302894592285 0.00034645399999959635
950154 139.92812140621916 40.57763985825455 5.559746360778808 -4.458916568756104 0.0007888459000000125
950155 140.57815291854172 40.523650344218794 6.6716960906982425 -5.659821701049805 0.0007258739999997487
950156 141.51128678961598 40.515355447297644 6.782890319824219 -6.960802364349365 0.0014462297999997987
950157 141.0764817521872 40.2910703632544 9.451568603515625 -8.439695072174072 0.0005191999999993868
950158 141.71314025952142 40.40519629636809 8.228424835205079 -6.916324329376221 0.0010179766000000257
950159 141.29369315254607 40.291143161403305 9.117984199523926 -8.428575611114502 0.0005571310000021867
950160 141.46195433946818 40.048593795453996 14.566535186767577 -9.22917890548706 0.00014972000000170737
950161 141.22507471525228 39.980568210902696 14.677730369567872 -9.88522891998291 0.0005989450000015495
950162 141.95055505086137 39.86936436862643 21.238230895996093 -9.395971202850342 -0.0040751180000000884
950163 141.16487302440925 39.8512389138435 16.679238891601564 -10.330008697509765 -9.371900000019196e-05
950164 141.80386442560246 39.84916938967819 21.015840911865233 -9.72955617904663 -0.0026129940000004124
950165 140.9645139176991 39.70108554942576 17.902383232116698 -10.574637508392334 5.308599999693797e-05
950166 141.17211982840732 39.596564249971166 20.904646110534667 -10.218813800811768 0.0007888949999994566
950167 141.955277882137 39.45815190790242 30.022629737854004 -6.782890510559082 -0.004504535300000612
950169 141.53416172673093 39.33805501717565 26.464392471313477 -7.550135517120362 -0.0007007560000033663
950170 141.79806701321937 39.2535089724091 27.24275722503662 -5.937808990478516 7.281700000021374e-05
950171 141.73987544810936 39.02377144616158 24.018103981018065 -5.85997257232666 8.909299999970699e-05
950172 141.5726183614621 38.902849825364406 24.462883949279785 -6.460425281524659 0.000838111600000957
950173 140.99060460895893 38.81533468105938 23.239739608764648 -7.594613552093506 0.0012320569999999976
950174 140.80165584825912 38.74893115325305 21.68301067352295 -7.105355834960937 -0.0004394079999997302
950176 141.14756755736994 38.53947315936675 23.462129402160645 -7.027519369125367 0.0032317079999998554
950177 140.85137572396047 38.41175556898611 21.905400466918945 -6.049003982543946 0.001605787699999439
950179 140.8440107439505 38.029655165603145 21.238231086730956 -5.359595489501953 0.0019234017000002268
950180 140.44259155579186 37.98992863318382 18.903137397766113 -2.65755877494812 -0.0006920759999957226
950181 140.5773558213432 40.32504320170101 8.562009048461913 -6.304752349853516 0.0009379440000003569
950182 140.2636676829982 40.271152695766354 8.006034469604492 -5.504148769378662 0.0009514970000012113
950183 140.78734192142412 40.21543515123751 10.007543182373047 -7.716927909851075 0.00038950100000079146
950184 140.04794297929985 40.24469079996372 7.672449684143066 -5.048249626159668 0.0008946553999990669
950185 140.40199614355495 40.006873530793385 10.674712753295898 -6.5271422386169435 0.0002867449999996552
950186 140.13238459964512 39.93605110134798 10.341128158569337 -5.71541919708252 0.00013853200000042422
950187 140.5970557120531 39.74915741660001 15.678484535217285 -7.327745628356934 -0.001335833999999636
950188 140.23422315178132 39.65830514123496 13.676976013183594 -6.249154949188233 -7.141930000074126e-05
950189 140.38663614056765 39.54928766724174 15.344900131225586 -6.782890510559082 0.0001090087000008566
950190 140.55979182592034 39.32699651527577 17.679993629455566 -7.550135517120362 -0.0009664729999997234
950191 139.90772752720585 39.20605890178172 13.676976013183594 -5.281758975982666 -0.00014066950000000134
950192 140.16199355820132 39.16420750174619 15.900874137878418 -5.804375171661377 -0.0022328969999989567
950193 140.6296026229094 39.05189632700943 19.347917366027833 -7.983795642852783 -0.0035201470000004063
950194 139.54766980884446 39.18555969958539 11.45307731628418 -4.214287757873535 0.00011351420000025315
950195 139.95738561015523 38.75971775907499 15.900874519348145 -4.992652130126953 -0.0011609707000005188
950196 139.83177968812876 38.59403439695254 15.233705139160156 -4.136451292037964 -0.0011052010000014434
950197 139.74226171891615 38.14617385411149 15.011315155029298 -2.724275732040405 -0.0007559849999978496
950198 140.09353982447777 37.96360567620813 16.901628494262695 -2.9355460166931153 -0.0016256699999985357
950199 140.07758749707656 38.19754171137486 16.679238891601564 -3.0689799785614014 -0.002208384000005026
950200 140.46650329550428 37.68330650596814 18.90313777923584 -2.64643931388855 0.0005764049999982035
950202 140.07269249008192 37.56694676366761 15.233705139160156 -1.3899365425109864 -0.0012304350000022168
950204 139.52863732117976 37.47346177012271 12.120247077941894 -1.8458357810974122 8.486800000468974e-05
950205 140.66212745299632 37.32546688015574 16.79043369293213 -3.8807029247283937 0.0015080049999994572
950206 139.36435537477524 37.302798348227945 10.785907554626466 -1.612326431274414 0.00027398100000368685
950207 139.5037775093879 37.28148883908193 11.341882705688477 -1.623445987701416 6.988000000092142e-05
950209 139.87143624629866 37.26107173684258 13.343391227722169 -1.9347918033599854 -0.0002557469999942441
950210 140.2599389336187 37.12629344175414 13.788171005249023 -2.3906909465789794 0.0004442989999972724
950211 140.56165390751113 37.08929409784564 14.344145393371582 -3.269130802154541 0.0009221739999986766
950212 140.41327955131777 36.86209149374503 11.786662483215332 -3.513759708404541 0.0015998980000006212
950213 140.29343183556006 36.65056602881485 10.563517761230468 -3.6916715621948244 0.00020847900000262599
950214 140.75392443158213 36.80030740232447 15.678484535217285 -3.8807029724121094 0.00045435440000005654
950215 140.077953178638 36.36491161647603 10.563518142700195 -3.335847854614258 0.0005374340000003031
950216 140.47634036688592 36.3443684746604 11.341882705688477 -3.7583885192871094 0.002089750800000445
950217 140.03926424846745 36.854234254458824 11.675467109680175 -2.5018857955932616 0.0007720589999991034
950218 139.6192540795002 36.66598350387776 10.341128158569337 -1.6901628494262695 0.0005045269999982338
950219 139.92347344459384 36.598945655346206 10.674712944030762 -2.835470676422119 0.0007239260000005743
950220 139.22490981851206 36.76969227688013 9.117984580993653 -1.0118737697601319 0.0004859140000007756
950221 138.55271743342803 36.50799581982233 6.338110542297363 -0.18903145790100098 0.000768500000003769
950222 139.33039176035837 36.42162815933478 8.895594215393066 -1.045232343673706 0.0010935029999984635
950223 139.07568848454775 35.986891290337084 6.0045263290405275 -0.4114212512969971 0.0007508389999998144
950224 139.79599062458155 35.89596961275223 8.673204231262208 -1.6568044662475585 0.0015982090000001392
950225 140.04809617243993 35.657205626153434 8.228424835205079 -2.1794206142425536 0.0015308840000002987
950226 140.3849096721726 35.24324292635125 6.449305725097656 -2.99114351272583 0.0018840724000000364
950227 139.97489011950745 35.00279149145848 2.446288299560547 -0.8895594596862793 0.0010675276000000622
950228 139.630652687429 35.663697144731394 6.0045263290405275 -1.0118737697601319 0.001080853399999171
950229 139.1626028523705 35.33620843968519 3.5582374572753905 -0.1445533275604248 0.0011806060000026264
950230 139.14241623213923 35.2685998955399 3.113457679748535 -0.22238988876342775 0.0011878897000002554
950231 139.25335768742096 38.46539038791055 11.675467681884765 -2.902187538146973 -7.970000000057098e-06
950232 138.5130931758112 38.31934560966262 8.117229843139649 -1.8124773502349854 0.00029177139999916337
950233 138.47168736674203 38.063279185406046 8.006034660339356 -1.5900875091552735 0.00047868860000050973
950234 139.3514683858729 37.92938298574849 12.342636871337891 -2.223898506164551 -7.15517000003274e-05
950235 138.2730735052703 37.81590161177839 7.45005989074707 -1.312100076675415 0.0007654772000002197
950236 139.4778969040596 37.685905461948714 12.231442260742188 -1.9236721515655517 -0.0002118379999998865
950237 138.78051213138116 37.6675231856746 8.895594215393066 -1.378817081451416 0.0007518094999994674
950238 139.0591275110323 37.662294808843015 10.3411283493042 -1.612326431274414 0.00029853590000001874
950239 138.99801686517245 37.46771785243277 9.673958587646485 -1.4121755599975585 0.0006381470000007994
950240 138.7899890071748 37.31131469042259 8.562009048461913 -1.0341127872467042 0.002190833000000225
950241 138.3335757950761 37.23112202483565 7.005279922485352 -0.9451569557189942 0.0006664290999992773
950242 138.93372714421028 37.16603519861939 9.229179000854492 -0.989634895324707 0.0005183790000018007
950243 138.1001951692734 37.16079064978143 6.004525947570801 -0.8228424549102783 0.0011871540000015558
950245 137.87385041911043 37.04517344536396 5.3373565673828125 -0.8339619636535645 0.0011424447999999643
950246 138.83085086287332 36.993459620333525 8.117229843139649 -0.811722993850708 0.0010098219999974845
950247 138.1986785258615 36.86540421333993 5.8933313369750975 -0.6338110446929932 0.0011686680000025263
950248 136.99612815660876 36.74062097661281 3.3358480453491213 -0.6226915836334228 0.000765397999999351
950249 137.19519856176623 36.634336811080416 3.558237648010254 -0.5003771781921387 0.0009034399999990228
950250 137.4398983000897 36.57870573058063 3.66943244934082 -0.4892577171325684 0.00021986799999922367
950251 136.9205601250675 36.40187924826263 2.6686779022216798 -0.5559745788574219 0.0005091479999975945
950252 136.91927182544012 37.85049537790637 4.447797012329102 -1.0229933261871338 0.00023688409999991222
950253 137.27005235567412 37.44602714118657 4.670186614990234 -0.8228425502777099 4.829530000023396e-05
950255 136.38894404426628 36.39445632555467 2.44628791809082 -0.5448551654815674 0.0003174737999998456
950256 136.63394876333555 36.1652892784155 2.44628791809082 -0.5893330097198486 0.00060799699999734
950257 136.2789464461584 36.14561944231323 2.0015087127685547 -0.3780627727508545 0.00042302279999972825
950258 136.50492503563723 35.98490818006933 1.8903135299682616 -0.3780627727508545 0.000652338999998392
950259 135.98976450941615 35.945004871078794 1.890313720703125 -0.5337356567382813 0.0005985830000000192
950260 136.1973950605629 35.79278225219157 1.667923927307129 -0.4558992385864258 0.0006937950000008187
950261 135.90764053666385 35.53440951203199 1.5567289352416993 -0.45589914321899416 0.0005453763000005552
950262 135.60888074115033 35.4627149754061 1.5567287445068358 -0.4781381607055664 0.0009733568999997999
950264 138.6951338942012 35.74687551750884 4.225407409667969 -0.5226161479949951 0.0011331939999990937
950265 138.43616985658795 36.801709050474734 6.560500717163086 -0.9451568603515625 0.0006273179999993772
950266 137.8723348958679 36.70646871786129 4.447797203063965 -0.4336602210998535 0.0018112439999981688
950267 138.24747069916825 36.66515541578409 5.448550987243652 -0.5670941829681396 0.001386684999999943
950268 138.3225267158031 36.38617691303439 5.00377197265625 -0.3780627727508545 0.0011822380000012344
950269 138.63779985496168 36.34601410513667 5.893331146240234 -0.0889559268951416 0.0006860789999905137
950270 137.90281801151121 36.32237163791694 4.003017425537109 -0.24462890625 -0.0003568190000009963
950271 138.21648811097293 36.208467721750516 4.336602210998535 -0.5670941829681396 0.0008664089999911084
950272 138.46097569875224 36.130639962057494 4.89257698059082 -0.21127042770385743 0.00112636599999405
950273 137.98301349825542 36.121109591706364 3.7806272506713867 -0.30022625923156737 0.0012881229999948118
950274 137.69626143351803 35.78361812361011 2.4462881088256836 -0.25574846267700196 0.0004873659999930169
950275 138.03831879085948 35.556130000171706 2.6686782836914062 -0.21127033233642578 0.000532094999994115
950276 137.81523878348085 35.521092268544116 2.1127035140991213 -0.16679229736328124 0.00044852900000478255
950277 137.92527307649084 35.31714439146455 2.1127035140991213 -0.2557483673095703 0.0015159980000021278
950278 137.58766951138614 35.24699947009466 1.6679241180419921 -0.26686782836914064 0.0008134260000019822
950279 137.1471741393926 36.33551078120468 3.0022628784179686 -0.6782891273498535 0.0010889520000091578
950280 136.95276435245322 36.03304870829902 2.335093307495117 -0.33358473777770997 0.0005388509999988856
950281 137.53486873903233 35.97345841212598 2.668678092956543 -0.2223898410797119 0.0007759699999951408
950282 136.86318265173347 35.86694139363948 1.890313720703125 -0.41142120361328127 0.0007126860000028045
950283 136.9753031516508 35.75778320012562 1.8903139114379883 -0.26686787605285645 0.0008321090000038111
950284 137.42477414538004 35.6571894886661 2.001508903503418 -0.11119494438171387 0.00032829099999389657
950285 136.4887689023535 35.63615338822653 1.7791189193725585 -0.4225407600402832 0.0007310990000007678
950286 136.61139549394855 35.63289784793719 1.6679241180419921 -0.4114212512969971 0.0007905649999997877
950287 137.17414606411214 35.61208667994856 1.8903141021728516 -0.23350934982299804 0.0005947419999984049
950288 136.68728360653225 35.48832464000227 1.6679237365722657 -0.38918232917785645 0.0007530375999991179
950289 137.12468863125957 35.47870073348051 1.6679241180419921 -0.26686782836914064 0.00076652599999818
950291 136.5497440244622 35.371709802993664 1.4455337524414062 -0.42254071235656737 0.00041164929999979447
950292 137.11023274457423 35.367372495636495 1.667923927307129 -0.3224652767181396 0.0006170120000007273
950293 137.40560748465398 35.26196731642052 1.6679241180419921 -0.30022635459899905 0.0008448900000018966
950294 136.59344589742452 35.227905840598204 1.4455341339111327 -0.45589914321899416 0.00026896619999945416
950295 137.98041640867663 35.03151837412024 1.2231441497802735 -0.22238988876342775 0.0003400080000005801
950298 136.92997982648646 35.33476088411897 1.4455337524414062 -0.26686782836914064 0.0005299706999991827
950299 136.8288334708079 35.19010686269426 1.4455339431762695 -0.35582385063171384 0.0006159259999996891
950300 137.2535636017115 35.13875295347759 1.5567291259765625 -0.24462890625 0.000611700999999698
950301 137.31316496067254 35.03946515568572 1.3343389511108399 -0.4114212512969971 0.0010494850000043244
950317 136.19794673906662 35.557331504034266 1.5567291259765625 -0.4336601734161377 0.0006656240000012303
950318 136.05366712694826 35.466286795730724 1.4455343246459962 -0.522616195678711 0.0007382339999992382
950319 135.91320876801308 35.35125491125289 1.3343387603759767 -0.46701869964599607 0.0003200409999976728
950320 136.06282851133946 35.31897490008734 1.3343391418457031 -0.38918228149414064 0.00016104800000107388
950321 136.23561445826564 35.26944124876753 1.3343391418457031 -0.4336602210998535 0.0009091899999987163
950322 135.87080919934237 35.137040124424495 1.1119495391845704 -0.4336602210998535 0.0009193190000019058
950327 135.1732162542599 35.75235304991239 1.5567287445068358 -0.5670941829681396 0.0005986229000001231
950328 134.93228682259672 35.55568158523972 1.5567291259765625 -0.4558992385864258 0.001220486400001164
950329 135.1640355032179 35.29233641169722 1.1119491577148437 -0.46701869964599607 0.0004523179999992522
950331 135.36690575904066 35.16378699932573 1.2231441497802735 -0.4892576694488525 0.0005198280000001887
950332 135.56452306929557 35.07758200803427 1.1119491577148437 -0.42254066467285156 0.00026271499999950263
950341 134.58249464574297 35.43674684534844 1.2231443405151368 -0.33358473777770997 0.0004371829999968213
950342 134.81850326171005 35.31489832239549 1.2231441497802735 -0.3669433116912842 0.0004645849999974416
950343 135.18189883040884 35.10528516461546 1.000754165649414 -0.5782136440277099 0.0007773969999959717
950344 134.5859601688557 35.094454171986506 1.0007547378540038 -0.6115721702575684 -5.533600000262595e-05
950345 134.97258910703349 35.09078461796906 1.2231443405151368 -0.3669432163238525 0.00039908999999909155
950378 134.0466707898637 35.45675479705739 1.2231441497802735 -0.6004526615142822 0.000961101000000042
950379 133.4390724195987 35.34553550297089 1.0007547378540038 -0.6782891273498535 0.0004767539999988912
950380 134.23736794694557 35.26586268531271 1.2231443405151368 -0.5670941352844239 0.0005552800000003799
950381 133.30853272719514 35.16457472371537 1.111949348449707 -0.8117228984832764 0.000494319000000587
950382 133.23988078244358 36.28529009673298 1.8903135299682616 -0.7894839763641357 0.0007388026000000991
950383 132.9843792755408 36.09320958355832 1.4455345153808594 -0.8006035327911377 0.0009950187000001165
950384 132.7432146558393 35.39261485250961 0.7783643722534179 -0.7783645153045654 0.0009183397000001037
950385 132.99542376581482 35.19561314670633 1.111949348449707 -0.745005989074707 0.0009047900000041409
950386 132.50732220247843 35.18595412294454 0.8895591735839844 -0.6449305534362793 0.0006746256999988987
950387 132.72050602546025 35.01977308117602 1.0007545471191406 -0.8339618682861328 0.0006882219999965855
950389 133.79247734025904 35.26353853634875 0.8895591735839844 -0.6560501098632813 0.001200271999994129
950390 134.3196405958369 35.09964123335765 1.111949348449707 -0.5003772258758545 0.00043168400000013205
950391 134.23477038051456 35.020881496974134 1.000754165649414 -0.5559746265411377 0.0003164439999977731
950392 133.7345024698851 35.00296134338322 0.889558982849121 -0.7450059413909912 0.00017979800000205158
95105 139.17103514883752 35.040627876360354 2.223898506164551 -0.2223898410797119 -0.0002367637999995509
960522 141.5774164214567 42.884431040246234 -0.11119499206542968 -1.4344145774841308 0.0011537697999997932
960523 141.4070931098171 42.7731892530206 0.4447797775268555 -1.2231440544128418 0.0013835990000018229
960525 140.76762324077006 42.551378986066865 0.11119518280029297 -1.71240177154541 0.0010986618000004
960526 140.87637246316106 42.47390122414542 0.11119518280029297 -1.7457603454589843 0.0009631284000001017
960527 139.44615065742755 42.060503880521146 1.3343389511108399 -2.3350934028625487 0.0005208463000002439
960528 140.66686876572243 42.123142410259995 0.6671693801879883 -2.246137523651123 0.0005628573999999275
960529 140.71543714807126 41.976685806976384 0.8895593643188476 -2.3350934028625487 0.000753381999999192
960530 140.07123096226886 41.80302607013365 1.4455341339111327 -2.61308069229126 0.0008736845000001381
960533 141.44758892041355 41.40470451571616 1.5567291259765625 -3.002263069152832 0.0020746763999994755
960534 140.49076933425985 41.18507638347408 2.6686782836914062 -3.7139104843139648 0.0015241959999997335
960535 140.82198753131834 41.145543936708165 2.223898696899414 -4.014136886596679 0.0013566867999998066
960537 141.13181033758102 40.86235775811385 3.5582374572753905 -5.415192985534668 0.0016184223999999858
960538 140.58922914798538 40.7062724252185 4.781381988525391 -5.32623701095581 0.0017039385000003904
960539 141.37621427790393 40.676394562812064 4.558992195129394 -5.904450511932373 0.001643281299999444
960540 140.4785321923632 40.62434200672769 5.670941352844238 -5.114966678619385 0.0007803424999991649
960541 140.80335195083794 40.64356294488932 5.782136154174805 -5.97116756439209 -0.0005174779999947531
960542 140.45156849130643 40.91017441633469 3.6694326400756836 -4.303243637084961 0.0009787032000005524
960543 141.06634030172455 39.953073353044 13.676975631713868 -10.085379791259765 -0.0007772240000008424
960544 140.7691995090622 39.35129322006522 18.791942405700684 -8.928952598571778 -0.0009572759999969093
960546 141.57550391237885 39.14308296075865 25.574832916259766 -6.427066707611084 0.00043571399999962066
960547 141.6753050642635 39.59611625561332 26.797977638244628 -9.117984008789062 -0.0024376919999951952
960548 140.84787999835015 38.54621509750521 22.01659564971924 -6.482664108276367 0.0005412199999994983
960549 141.21293969866454 38.425050124420046 23.684519577026368 -7.0942363262176515 0.002628592300000321
960551 139.84894288652487 39.89113095510534 9.451568603515625 -4.8369792938232425 5.328719999937448e-05
960552 140.04473202664258 39.82580486584776 11.119492721557616 -5.548626899719238 1.5588400000154934e-05
960553 140.7328618480583 39.702675051902034 16.79043369293213 -7.716928005218506 -0.0015895110000030855
960554 140.50670563416432 39.1990911271406 17.79118824005127 -7.249909210205078 -0.0014619010000018306
960555 139.92750763846544 39.01596847517954 14.900120162963868 -4.9815326690673825 -0.0010013589999999795
960556 140.36517035381573 38.496765841084226 20.126281547546387 -5.0371301651000975 -0.0016000850000011725
960557 140.27115462330735 38.14809415509824 18.45835781097412 -3.6360740661621094 -0.0012033930000001191
960559 140.20566625368713 37.61595187241082 15.900874519348145 -1.323219633102417 0.00014320400000542577
960560 140.37291436260386 37.62072862335969 17.012824058532715 -2.3350934982299805 -0.0003530260000047747
960561 140.13588922984493 37.42450663325628 15.011315155029298 -1.5011315822601319 -3.937499999437932e-05
960563 139.5861691689695 37.09724869796318 11.34188232421875 -1.4566535472869873 -2.1289999949658522e-06
960564 139.46169569524668 38.056182112609946 13.232196426391601 -2.479646825790405 -0.0007809149999999931
960565 138.36988819678905 38.02368674703896 7.894839859008789 -1.4677731037139892 0.0006935034999997925
960566 138.70694453003614 37.53583135067337 8.339619255065918 -1.367697525024414 0.0007612069000003885
960567 138.51637459184425 37.348538942302596 7.672450065612793 -1.0563518047332763 0.0009103076999998905
960568 139.02025961171597 37.31987028119914 9.67395839691162 -1.3009806632995606 0.0005441660000002457
960569 138.24259069919233 37.056681438719565 6.22691593170166 -0.7338864803314209 0.0011864135000010378
960570 137.89387489828025 36.950871481933454 5.003771591186523 -0.6338111400604248 0.0010091929999987315
960571 139.07391735558284 37.75206347040536 10.229933547973634 -1.7457602500915528 0.00046181089999990376
960572 137.36951786544032 36.73695825380793 4.003017234802246 -0.6004526615142822 0.0002565438999994285
960573 137.03190069634027 36.649561909599974 3.447042465209961 -0.5337356090545654 0.0003212172000004898
960574 137.13854694403742 37.306969825241254 4.447796821594238 -0.7561254501342773 8.759400000144524e-05
960575 136.71876300934082 37.15674439994335 3.7806270599365233 -0.6004526615142822 0.000140054100000242
960576 136.99607129160157 37.12315622580128 4.336602210998535 -0.6671696662902832 0.0002838620000005676
960577 136.7556534065873 36.817478612708506 3.3358474731445313 -0.6560500621795654 0.0002003223999999193
960578 136.60533561208757 36.370068966303144 2.6686786651611327 -0.567094087600708 0.000619899999998097
960579 136.18499348917717 35.96888721886886 1.7791187286376953 -0.5003771781921387 0.0007868621000000076
960580 136.0559840924173 35.83684116254202 1.7791189193725585 -0.5114967346191406 0.0006744793999999387
960581 140.4976077983459 36.7430253236427 7.672450065612793 -4.8369792938232425 0.0015249080000046434
960582 139.98777226958967 36.30070471171336 10.563517761230468 -3.035621500015259 0.0008910323000009158
960583 139.93150422537659 36.11481326541726 10.229933166503907 -2.524124813079834 0.0007493135999993683
960584 140.20244939689692 36.031338983745385 10.78590793609619 -3.6471935749053954 0.0016979401000000393
960585 140.16476727903202 36.95230601104468 12.453832054138184 -2.590841770172119 0.0006211399999983769
960586 139.80575668973253 36.97958136893625 11.897857284545898 -1.679043436050415 -0.0003862280000021201
960587 139.8542649254364 36.776371356424164 11.008297729492188 -2.034867191314697 0.0004220059999965997
960588 140.15769841951143 36.6924546873787 11.008297538757324 -3.3803256511688233 0.0009507869999993091
960589 139.4905967803173 36.624174241841246 9.896348762512208 -1.3343390464782714 0.0001300299999911658
960590 140.1793159808924 36.54221509871234 10.785908126831055 -3.613835096359253 0.0007904969999998456
960591 138.59144967410907 36.61631796885896 6.449305725097656 -0.3113457202911377 -5.720999999994092e-05
960592 139.06664539820088 36.23467072459316 6.894085502624511 -0.6004526615142822 0.0009955050000002076
960593 138.91242222388644 36.14275368901575 5.8933309555053714 -0.3335847854614258 0.0011170969999966473
960606 138.69038298223808 35.64951852051968 3.78062744140625 -0.5337356090545654 0.0014153090000036173
960607 139.02577795251207 35.5118682016102 4.114212417602539 -0.03335847854614258 0.0009579209999969862
960608 137.98455266494668 36.23902972983557 4.003017234802246 -0.3113457202911377 0.000947545999997601
960609 137.87175225621533 36.22836934831768 3.5582374572753905 -0.3558237552642822 0.000891642999999931
960610 138.4992838953744 36.28471375376022 5.337356758117676 -0.06671690940856934 0.000776933999998164
960611 137.68262882737875 36.084663547503894 2.6686779022216798 -0.42254066467285156 0.0005343000000038956
960612 138.21448619390753 36.02616327443318 3.6694326400756836 -0.31134581565856934 0.000831930000003922
960613 138.5830292681076 35.97414749533707 4.89257698059082 -0.1667923927307129 0.00144242999999733
960614 137.59827532348226 35.880003175789994 2.1127037048339843 -0.30022625923156737 0.0008302250000042477
960615 137.98389075545853 35.72629333001491 2.6686782836914062 -0.18903136253356934 -0.001514503999999306
960616 137.67639847921754 35.34373426261913 1.8903139114379883 -0.22238988876342775 0.0010575399999879665
960617 136.90427190333006 36.26146817309701 2.3350934982299805 -0.5003771781921387 0.00038179099999524624
960618 137.36302196658588 36.285642757672214 3.1134578704833986 -0.5670941352844239 0.000969308000003366
960619 137.20067042194162 35.91163470375108 2.2238981246948244 -0.3558236598968506 0.0005422839999994266
960621 138.92835610490692 35.204394830678105 2.44628849029541 -0.08895583152770996 0.0004278760000033799
960626 138.9068945447798 35.04724339474095 1.779119110107422 -0.10007548332214355 0.0006444625000000314
960627 140.08631298402 36.10363478067774 10.674712944030762 -3.091218948364258 0.0007630835999989927
960629 137.07356656745603 35.23908659391478 1.5567289352416993 -0.3113457202911377 0.0006852559999998675
960630 136.96580217969807 35.16842178731845 1.3343385696411132 -0.3113457679748535 0.0009051661000000876
960633 136.69425147607242 35.050911415205874 1.4455339431762695 -0.4114212512969971 0.0009410742000000027
960638 136.26474738756653 35.42035693575675 1.4455337524414062 -0.42254080772399905 0.0009335669999984475
960639 136.04120008556532 35.0857237540077 1.2231437683105468 -0.34470419883728026 0.0007962149999997337
960640 135.03404906412968 35.68507800262674 1.4455337524414062 -0.5782136440277099 0.0005621785000002432
960641 135.41583176156533 35.48221431706421 1.3343393325805664 -0.6338110446929932 0.0007086692000001449
960642 135.54952356428527 35.27585962303053 1.2231443405151368 -0.46701865196228026 0.0003081949999995004
960643 135.7733036372818 35.05313674987733 1.1119491577148437 -0.3669433116912842 0.0004853289999999788
960645 134.67737970255413 35.62120155011682 1.3343389511108399 -0.5893331050872803 0.0009555104000000369
960646 134.72871256251705 35.461262113225004 1.22314453125 -0.6115721225738525 0.0010852529999993976
960647 135.02203518444662 35.23788007451829 1.111949348449707 -0.4892576217651367 0.0013457670000008193
960648 134.77122250766683 35.162743264048515 1.3343389511108399 -0.34470429420471194 0.0007246459999976195
960654 133.3396867695343 35.43601028761652 1.0007545471191406 -0.6338109970092773 0.0005138451000000543
960655 134.32528022349697 35.361442567481745 1.1119491577148437 -0.5003771781921387 0.0010411760000010872
960656 133.13788892654614 35.56353463932204 1.4455337524414062 -0.8339619636535645 0.0005835283000003244
960660 133.56399130757333 35.16966158724749 1.111949348449707 -0.6782891273498535 0.0005598699999950441
960752 139.05673981172143 36.53925917412097 8.117229461669922 -0.6560500144958497 0.0011145069999997758
960753 139.26933186564477 36.00373547240954 6.5605003356933596 -0.5782136440277099 0.0013600230000008651
960754 139.18220099934842 35.88404864628805 5.670941352844238 -0.5559746265411377 0.0013650009999992107
960755 139.36597292816626 35.80080221218034 5.782136344909668 -0.5226161479949951 0.0009974980000009737
960756 140.24916240998732 35.28838329539405 5.559746170043946 -2.0682256698608397 0.00115024030000086
960758 139.36989965441882 35.61642830726937 4.892576789855957 -0.42254080772399905 0.0011086129999995364
960759 139.6138441097783 35.160866862492924 2.779873085021973 -0.4892576694488525 0.0009082496000004881
970792 141.08105849181194 42.420546604415506 0.3335849761962891 -1.856955337524414 0.0018392818000002365
970794 140.37123575585838 41.93485172704398 1.22314395904541 -2.535244274139404 0.0012576990000013667
970795 141.45260421683423 39.849010390643244 18.903137397766113 -9.840750980377198 -0.00013954499999044856
970796 140.98847595869182 39.12700021817663 20.571061515808104 -8.361858367919922 -0.0005712990000006357
970797 140.64565837417388 37.984404586712586 20.237476539611816 -3.7695079326629637 0.0016353699999996252
970798 140.82291647829337 40.044970304534154 11.008297729492188 -8.417455768585205 -0.00048810399999865695
970799 140.0946472957234 38.43433964408584 17.457603645324706 -3.6583131313323975 -0.0030903729999977258
970800 140.84166353387417 37.01844635489194 21.905400466918945 -7.694688940048218 0.0023413906000001815
970801 139.4022408768104 37.036934467190434 10.78590793609619 -1.6123263835906982 -0.0004405319999932544
970802 138.94482297319212 36.77806112697538 8.339619255065918 -0.7894839763641357 0.0007130019999976867
970803 140.19993289799518 38.288979597319106 18.458358001708984 -3.791746950149536 -0.001055105000000367
970804 139.52192543910172 35.419268708777615 4.114212417602539 -0.633811092376709 0.0015830859000004693
970805 139.22603795284886 37.828158754107754 11.230687713623047 -2.0237477302551268 0.0005034920999996473
970806 138.8804488656026 37.77698969485113 9.340373611450195 -1.5900874137878418 -4.568889999987391e-05
970807 138.7795470433012 37.49865604315927 8.562009620666505 -1.3343390941619873 0.000990074000000618
970809 138.45682125730488 35.67369350088284 3.3358476638793944 -0.3780627727508545 0.00034945900000025174
970810 138.92028608424593 37.58973635614726 9.562763786315918 -1.4010560989379883 0.0007800119999998856
970811 137.52878190022662 35.57509245545817 2.1127035140991213 -0.2112703800201416 0.000990103999998837
970812 136.47030642486834 35.359730954525986 1.22314453125 -0.5782135963439942 0.001181854000000726
970813 138.97386891933155 35.11416698962728 2.0015087127685547 -0.11119494438171387 0.0006112910000013016
970815 138.60997503009477 35.11715276417185 2.0015087127685547 -0.0889559268951416 0.0004946465000003286
970817 138.2099847476874 35.06697438884411 1.7791187286376953 -0.45589919090270997 0.0003857199999970362
970818 138.08168518738697 35.04488392567531 1.6679237365722657 -0.31134586334228515 0.0013675789999979316
970822 136.78882515428415 35.30083743492725 1.4455343246459962 -0.24462890625 0.0005606956000001162
970823 134.58821060926005 35.28334325001636 1.000754165649414 -0.3669432163238525 0.001277005999997982
