000843 134.04954669711648 35.174887007614544 0.8895593643188476 -0.033358526229858396 0.001254460000001245
010844 140.81054264588744 40.83440299266197 3.3358474731445313 -3.335847854614258 0.0006418839000005505
010845 140.32440608399125 37.36182224068101 10.452322959899902 -0.6004525661468506 0.001922602999997025
020847 137.86876359234756 35.160451182707114 1.8903135299682616 0.15567293167114257 -0.00017396599999983665
020888 140.01177806424934 42.68533493428772 0.6671695709228516 -0.4558992385864258 0.0013634606000003657
020892 140.92933456661015 41.74058994678514 0.3335849761962891 -1.300980567932129 0.0018964640000000087
020893 140.53502856530255 41.711322961702635 1.0007543563842773 -1.5344900131225585 0.0020057452999999725
020894 141.09446916897068 41.46615755880059 1.0007545471191406 -1.7012824058532714 0.0018362280999994595
020895 140.9838166604259 41.1996606883443 2.2238983154296874 -2.6353198051452638 0.0016674292000004697
020896 141.38569568798167 41.16093098675579 1.5567289352416993 -2.3795714378356934 0.001976829400000213
020897 140.2935326695265 41.12172020619298 2.44628849029541 -2.3684520721435547 0.001702770600000747
020898 140.01100015308137 40.73062983076556 3.4470426559448244 -2.813231658935547 0.001623996000000716
020899 141.10602877244762 40.57997601632229 4.003017616271973 -4.047495269775391 0.00046582299999897714
020901 141.33200066746113 40.50875371270484 5.226161003112793 -4.603470039367676 0.0019369510000018409
020902 140.941597776802 40.44762753820635 5.670941352844238 -4.26988525390625 0.0006060349999984282
020903 141.48487258904467 40.271036318254545 7.894839859008789 -5.1038471221923825 0.0009662400000024718
020904 141.0464660298588 40.10673961584258 8.117229843139649 -6.182437992095947 0.0004108799999983148
020905 141.66219077264347 39.97094932499905 12.120246887207031 -5.32623701095581 0.00017331899999817324
020906 141.97022679087073 39.73895764852843 15.233705139160156 -4.625708961486817 -0.001706638399999605
020907 141.42614790728115 39.63935935269238 15.789679718017577 -5.71541919708252 0.0017536109999923611
020908 140.836336163078 39.55444785697545 13.121001052856446 -5.815494632720947 0.0018750780000004851
020909 141.29302353560774 39.4646829818207 15.67848472595215 -6.037884521484375 -0.0004456199999992805
020910 141.31169991542856 39.23536375504552 16.56804370880127 -4.814740371704102 0.0015362369999991187
020911 141.40088691687677 39.01209543697207 16.901628494262695 -4.180929279327392 0.002338104000000385
020912 141.14855297797922 38.9954528943302 16.012069129943846 -4.514514064788818 0.0014968490000001112
020913 140.83321097745167 38.93402150788125 14.232950401306152 -5.003771686553955 0.00037064299999656214
020914 141.31790036285625 38.74320849098058 16.012069511413575 -4.114212322235107 0.0032925572999999986
020915 141.00436605264827 38.68612563675114 15.456094360351562 -4.169809722900391 0.002416945999999598
020916 141.1607545217336 38.66061947757262 16.123264122009278 -4.180929183959961 0.0037134567000002504
020917 140.72774933355765 38.57180434939306 13.89936580657959 -3.591596174240112 0.00048575799999923676
020918 141.30443631064907 38.509832591649946 15.011315155029298 -4.047495317459107 0.004141272900000104
020920 140.7276895615747 37.824596391646836 13.121001243591309 -2.5463638305664062 0.0027701409999963287
020921 140.02757345303453 40.3393920822745 5.559746551513672 -3.0800993919372557 0.0016525975999996945
020922 140.40816140262243 40.18331152003463 6.782890510559082 -3.8807028770446776 6.8187799999464e-05
020923 140.00550499634315 40.09969507577815 6.782890510559082 -3.391445255279541 0.0006795109000002242
020924 140.53586783486497 39.92138516833659 9.340373992919922 -4.481155586242676 4.720000003999303e-06
020925 140.05394036233525 39.527559355746035 9.89634838104248 -3.591596221923828 0.0010954827999995586
020926 140.59610483033467 39.508130205804264 12.565026664733887 -4.570111465454102 0.0008028289999998606
020927 140.27893044686857 39.296742959591136 11.675467109680175 -3.7806275367736815 0.0008125570000004246
020928 140.71507140863415 39.14619384458813 13.454586219787597 -5.248400497436523 -0.00041982200000347805
020929 140.44735378327923 39.05437360530982 13.009806442260743 -3.9585393905639648 -1.9909000002371613e-05
020930 140.18349245055188 38.93809718984308 12.231441879272461 -3.3803257942199707 0.0005902400000024954
020931 140.49728358226116 38.75214989751336 14.232950592041016 -3.046741008758545 -0.00024683499999866854
020932 139.6745411643732 38.70116323916739 9.896348571777343 -2.379571533203125 -0.00011470110000004752
020933 140.22052637901479 38.628409429715646 12.898611259460449 -2.4351688385009767 -0.0002978699999971468
020934 140.39390438334695 38.17043605715577 13.009806251525879 -3.3136088848114014 0.0005996850000087762
020935 139.8794228458227 37.92058294740891 11.008297538757324 -1.2120246410369873 0.0004899469999998018
020936 140.44681586473124 37.8334931748766 12.231442260742188 -1.2342637062072754 0.001293314000000123
020937 139.9726774483367 37.66928697301877 10.563518142700195 -0.845081377029419 0.0013400740000008681
020938 140.57166929689876 37.59108846524904 11.897857093811036 -1.834716272354126 0.0010782179999978326
020939 139.8355374368561 37.46128825263906 9.562763786315918 -0.7672450542449951 0.0018536649999987276
020940 140.46404938686575 37.44487001847342 11.45307731628418 -1.2898611545562744 0.0012461089999987961
020941 139.68635800080443 37.326209646316805 8.673204231262208 -0.5448551177978516 0.0015985920000048282
020942 140.2127611685047 37.29304023582061 9.896348190307616 -0.6338111400604248 0.0015195310000024164
020943 140.4509871257827 37.21056099347445 9.562763786315918 -1.2565026760101319 0.0017613549999964562
020944 140.71601578303776 37.18308939311066 10.118737983703614 -2.068225622177124 0.0021339099999977407
020945 140.37628412990958 37.02357970025889 8.339619255065918 -1.389936590194702 0.0018395549999979722
020946 140.69016571181874 36.93261899710798 10.897102546691894 -1.2787415981292725 0.00039889999999900285
020947 140.38570168452387 36.47584888425995 6.004525947570801 -1.4344144821166993 0.002070236099999079
020948 140.03542223584734 37.12469900934291 8.784399032592773 -0.5114967346191406 0.0018078120000041054
020949 139.50532352522865 36.87224696812643 7.33886489868164 -0.2223898410797119 0.0019044500000063636
020950 139.75279816592214 36.53763259962571 6.004526138305664 -0.5559747219085693 0.0020616569999987178
020951 139.90251560337336 36.45657996837992 5.8933313369750975 -0.9673959732055664 0.002451369999999997
020952 139.06085981723922 36.837354842563855 6.004525947570801 0.04447793960571289 0.0009680119999984527
020954 138.84789739225437 36.59137705874997 4.892576789855957 0.13343391418457032 0.0014606820000039988
020955 139.01671629568517 36.39534665083554 4.7813817977905275 0.20015077590942382 0.0021745710000004694
020956 139.25464504928837 36.26769135491819 5.114967155456543 -0.15567288398742676 0.001682517899999425
020957 138.7029885986392 36.20026628195779 4.003017425537109 0.4447797775268555 0.0017128300000081253
020958 138.92605681558263 35.9299280564337 3.1134578704833986 0.0889559268951416 0.0009638100000074701
020959 139.9684715279151 35.143802900109996 2.1127037048339843 -0.34470429420471194 0.002182492999999397
020960 139.36606596664456 35.39148818038643 2.557483100891113 0.13343386650085448 0.0013456478000001936
020961 139.11145804410054 37.540340987651646 7.5612548828125 -0.5559746742248535 0.001359118000002013
020962 138.634606577154 37.212113043028594 5.782136535644531 -0.3113457202911377 0.0015874089999982743
020963 139.24711726453953 37.15761546215476 7.450060081481934 -0.2891068458557129 0.001178993000007722
020964 138.45736658360335 37.107084558494115 5.3373565673828125 -0.26686782836914064 0.002272218000001658
020965 140.29649976216416 36.77895491541068 6.894085502624511 -1.36769757270813 0.001729725000001281
020966 137.0264367980763 36.91950782688851 3.2246532440185547 0.05559759140014649 0.000618435999999889
020967 137.55133120322455 36.86434439697655 3.447043037414551 -0.06671700477600098 0.0012910050000016326
020968 137.15447804930358 36.75795041767848 2.8910682678222654 0.16679234504699708 0.0009146155999999906
020969 136.80640646930226 36.59209049371644 2.44628849029541 0.27798733711242674 0.0008411589999980151
020970 137.2392279135131 36.4727997717422 1.4455343246459962 0.7783645629882813 0.0007338359999977228
020971 137.03394466203315 37.43225773051212 3.4470426559448244 -0.4781382083892822 0.0004677123999996979
020972 136.90877653333374 37.2264361076443 3.3358480453491213 0.12231450080871582 0.001018354300000368
020973 136.54067799354647 36.53726572550632 2.223898506164551 0.10007543563842773 0.0010400544999995987
020974 136.36164613623086 36.22956348892401 2.557483100891113 -0.14455342292785645 0.0008980890000003683
020975 136.04895047547345 36.10973324516462 1.6679235458374024 0.30022625923156737 0.0009425876999998195
020976 136.65774224416978 35.90141422820353 2.0015087127685547 -0.3335847854614258 0.0002961609999999837
020977 136.33958177726598 35.88821681529999 1.6679241180419921 -0.04447793960571289 0.0014922769999998308
020978 135.75564599742282 35.48657242851445 1.0007543563842773 -0.4336601734161377 0.0017570409000001064
020979 138.4442179590819 35.90493273632499 3.3358476638793944 0.5782136440277099 0.0016439900000023045
020980 138.94999066073044 35.75387130655189 3.66943244934082 0.5782137393951416 0.002710563000005095
020981 138.60687034346773 35.4676921305335 2.0015087127685547 0.18903131484985353 -0.0012359869999954754
020982 138.6242568691954 36.85668689279494 4.6701868057250975 -0.20015087127685546 0.002051437000000078
020983 138.0967323116128 36.70664693588402 3.66943244934082 -0.022238969802856445 0.0024504060000026585
020984 138.1209505848645 36.52360413312288 3.4470426559448244 0.40030179023742674 0.002025761999999531
020985 138.36604729146234 36.26098776549524 3.1134580612182616 0.4558992385864258 0.0022051030000056924
020986 137.7854384637919 35.944601177426826 2.1127035140991213 0.18903136253356934 0.0014813399999866305
020987 138.09570919627072 35.87841844304256 2.2238988876342773 0.5337356090545654 0.001862965999998778
020988 137.45088184073134 35.81555291156545 1.6679241180419921 -0.11119484901428223 -4.02000000121916e-05
020989 137.6201586676155 35.66122832588443 1.111949348449707 0.5003771781921387 -0.0012449420000052668
020990 137.08053071416006 36.14026337457 1.6679235458374024 0.17791190147399902 0.0006157630000075187
020991 136.78462185785492 35.72348803998773 1.3343393325805664 0.17791190147399902 0.001964507999997522
020992 137.3090953443417 35.52312898775288 1.3343393325805664 0.3669433116912842 0.00021532900000238443
020993 136.54529278395 35.4800593495279 1.667923927307129 0.05559749603271484 0.0017730199999988372
020994 137.2523185459305 35.30055099240312 1.4455339431762695 0.06671695709228516 -0.0009051259999978356
020995 137.5753327866172 35.10002289856018 1.667923927307129 0.15567288398742676 0.0018815379999978176
021001 135.08764797409074 35.419524929558506 1.111949348449707 0.6560500144958497 0.0016945610000050238
021002 135.34070155271183 35.33345968542356 1.667923927307129 0.33358473777770997 0.0014448609999988093
021003 135.6342126531453 35.15518223177411 1.1119491577148437 0.31134581565856934 0.0018949359999965055
021014 134.19527393077686 35.529859101977046 0.8895593643188476 -0.011119461059570313 0.0011116921999999364
021015 133.49513739368675 35.50693584378659 1.2231441497802735 -0.055597448348999025 7.650650000101678e-05
021016 133.86975050704615 35.493201826161204 1.111949348449707 0.022239017486572265 8.976360000048089e-05
021017 134.1559502287804 35.340591994758185 0.5559747695922852 -0.04447803497314453 0.0016173299999991287
021018 132.9219937076465 35.49191011068673 1.22314395904541 0.12231440544128418 0.001216723399998898
021019 133.19208980347182 35.31069259086159 1.5567291259765625 -0.644930648803711 -3.850900000088586e-05
021020 132.9026950734641 35.309725131544106 1.2231441497802735 0.13343381881713867 0.00021314769999918325
021021 132.66901062556644 35.23307844137494 0.8895587921142578 -0.18903141021728515 -0.0004583459999992101
021022 132.38556730087626 35.03190105447412 0.5559747695922852 0.3224652767181396 -0.0002553630000022622
021026 133.6807621096118 35.28295720026293 1.4455339431762695 -0.13343386650085448 -0.0007330770000010034
021027 133.91269022215823 35.105025119951854 1.1119489669799805 -0.04447793960571289 0.0006847090000007938
021030 132.9020954658385 35.03521205509824 1.5567289352416993 -0.27798733711242674 -0.0008326010000018868
021099 137.55084585643274 36.1143039988347 1.22314395904541 -0.03335847854614258 0.0018033399999694665
021101 136.50375862940908 35.10476182264495 1.5567289352416993 -0.022239017486572265 0.0011424239999996643
031102 138.18578566372148 35.322074808857316 2.335093307495117 -0.6894084930419921 0.0012162510000052861
031127 137.8144799979416 35.77753447745393 2.779873085021973 0.15567288398742676 0.0038224800000079993
031128 136.7287538454856 35.405133653757936 1.4455345153808594 0.12231440544128418 0.001513819400000216
041135 133.69957504097925 35.4903993517386 1.6679237365722657 1.045232343673706 0.0026299656000006166
041138 137.5959754042869 36.57696779049631 0.8895593643188476 0.3669432163238525 0.0035638399999697867
051145 141.28323333909728 38.90192038828902 16.67923927307129 -4.336602115631104 0.0023839797999997358
061150 140.89879684201972 42.557931162541976 0.6671697616577148 -0.7227670669555664 0.0014280640000009725
071158 136.77271101237304 37.00071865963282 2.779873085021973 -0.055597543716430664 0.0009387656000001243
071159 141.0546884789364 39.36200200229078 14.232950973510743 -6.082362461090088 0.000614840000000072
071162 139.53384128622673 38.51119289986304 9.34037380218506 -1.6456850051879883 0.0008577685000005885
071163 139.27619749155727 36.60233772085609 5.893331146240234 -0.03335838317871094 0.001651049999998122
081167 134.491499564942 35.535625161604365 2.0015087127685547 -0.23350930213928223 0.0011132970000005571
081170 135.77480939734062 35.20664928040765 0.889559555053711 -0.0889559268951416 0.0019195929999966665
081171 139.64454750194204 35.75802890820534 4.2254070281982425 -0.15567283630371093 0.0009287882999998942
081173 141.1421797789156 41.83399424230573 0.5559749603271484 -1.4121755599975585 0.0009225806999999975
091174 140.29500307156633 40.57517687390377 4.447797012329102 -3.23577241897583 0.0014182650000009289
091175 140.99023298454932 40.921148943143706 2.6686782836914062 -3.4804012298583986 0.0015445572000004405
091176 140.80847699385856 37.3366928663248 11.230687522888184 -2.6686782360076906 0.0023053689999983362
091179 140.75474622953953 38.25774226882374 14.344145584106446 -2.6797977447509767 0.0011311149999983171
091180 134.33046033177914 35.58670823691435 1.111949348449707 0.04447789192199707 0.0009154240999997398
92106 139.08197138622228 35.00685288160474 1.2231441497802735 0.0555974006652832 -0.0009693657999996219
92110 140.08719602809933 36.106113995705826 5.782136535644531 -1.1341882228851319 0.0014247361000002457
93001 139.54230591629326 36.29516272857701 5.559746170043946 -0.6115721225738525 0.0008747408999994378
93002 140.17427058058905 36.263268379847176 5.782135963439941 -1.667923927307129 0.0015123076999998375
93003 139.8105321243631 36.203671681729546 5.337356185913086 -0.7116474151611328 -0.0008548706999988553
93004 140.54448948228773 36.181305971641784 5.782135963439941 -1.8347163200378418 0.002092938900000263
93005 139.34517427686635 36.120951345476904 4.670186996459961 -0.3669432640075684 0.0009908354000003783
93006 140.3431563786194 36.09693573826512 6.004526138305664 -1.6901628017425536 0.0022408901999995123
93007 139.63672853109352 36.08722735963461 5.2261615753173825 -0.6782889842987061 0.0011187059999997473
93008 139.79962950873087 36.01086709103097 5.337356758117676 -0.9562764167785645 0.00125093539999952
93009 140.65924144664694 35.955453865194826 6.671695327758789 -2.2683764457702638 0.0026296473999991576
93010 140.40295649343463 35.970407990532514 6.338110542297363 -1.9792696475982665 0.002678155299999929
93011 139.4642893279715 35.925504578042585 4.336602210998535 -0.122314453125 0.0008736267999999825
93012 139.9927271684036 35.94029107236886 5.337356758117676 -0.9896348476409912 0.0016690430000004142
93013 139.6518645419477 35.93747055876438 4.781381988525391 -0.30022625923156737 0.0015533073000000286
93014 140.14549768315914 35.87364748544713 6.004526138305664 -1.323219633102417 0.002162897499999872
93015 140.4070120910764 35.803328778922264 6.449305725097656 -1.9236721515655517 0.002064183100000605
93016 139.81281570609744 35.78021408316539 4.558992195129394 -0.4558992385864258 0.0016419154999994135
93018 140.02475899679692 35.786465663521 5.448551750183105 -1.0007544040679932 0.002343369700000153
93019 139.48825772837898 35.71036622671287 3.1134578704833986 -0.30022625923156737 0.0034330609999997817
93020 140.31515012696997 35.71759774861214 5.782136535644531 -1.6345653533935547 0.0023423738000005303
93021 140.64682729886616 35.777301539164604 7.005280303955078 -2.4240495204925536 0.0028620654999997443
93022 140.8372359103813 35.72635375735788 8.339619827270507 -2.8465900897979735 0.00307351940000018
93023 139.9023578660429 35.675463438271805 4.670186996459961 -0.8895594120025635 0.001240937000000031
93024 140.44830526480703 35.64235265701055 6.226915740966797 -1.6345653533935547 0.0029305598999997073
93025 140.18656665408307 35.54414360516398 4.7813817977905275 -0.8784399509429932 0.002567844499999694
93026 139.67335563739866 35.56340276954262 3.4470428466796874 -0.18903136253356934 0.0019166287000004444
93027 140.31823962696726 35.530115263310734 4.89257698059082 -1.3009806156158448 0.002206981799999852
93028 139.46784374051998 35.52140904030171 3.1134578704833986 0.07783651351928711 0.0013872149999997418
93029 139.32257893149998 35.482641268509354 2.6686782836914062 0.47813825607299804 0.0014646389999995791
93030 140.05133475686358 35.447783377322594 4.003017234802246 -0.7005280494689942 0.002597049499999571
93031 139.0451811827725 35.41535102898166 2.223898506164551 -0.4336601734161377 0.0029595019999987928
93032 139.65374976779273 35.436484271385844 3.224652862548828 -0.07783637046813965 0.001347254899999939
93033 140.33737401191067 35.42112596294729 4.336602210998535 -1.0563517570495606 0.0021358722000002217
93034 139.46607046666222 35.32668151233474 2.335093307495117 0.05559749603271484 0.0009000146999994741
93035 139.26269634430716 35.30489957218338 1.8903135299682616 0.1667923927307129 -0.0004535059999994928
93036 139.8255217014349 35.31170215103228 2.8910682678222654 -0.18903136253356934 0.00155923350000009
93037 140.146793843629 35.333139289084265 3.1134580612182616 -0.633811092376709 0.0018716854000004445
93038 138.88165214883756 35.321603983451894 2.4462881088256836 0.2779872894287109 0.0009986300000036862
93039 139.8435700250916 35.143709365184854 1.890313720703125 -0.06671690940856934 0.002049601499999909
93041 140.26802349581348 35.16590051178197 2.8910680770874024 -0.5226161479949951 0.0022180280000000606
93042 139.11043717265704 35.1486049897045 2.001508903503418 0.0 -0.0005556067000000553
93043 138.90186003612516 35.1100160196307 1.5567289352416993 0.21127033233642578 0.0008114439999999945
93044 140.07926931796698 35.11186069547057 2.1127038955688477 -0.2891068458557129 0.0017439809000002527
93045 139.954343651185 35.25480799614054 2.6686782836914062 -0.011119461059570313 0.0014617839999971239
93046 138.99792773647553 35.01482751915772 1.890313720703125 0.38918218612670896 0.0004163310000024012
93063 139.26813445539582 35.723758077782264 3.5582374572753905 0.3224652767181396 0.0011125210000017204
93064 138.97585629223093 35.623349259379076 3.1134578704833986 0.4225407600402832 0.001364861000001838
93065 139.15722740005225 35.610274102114644 2.779873085021973 0.18903141021728515 0.0009004220000008445
93066 139.20486858560125 35.42851873798776 2.557483100891113 0.2001509666442871 0.0025083170000016254
93067 139.66483872378979 35.26709391393883 2.44628849029541 0.0 0.0017535500000001036
93068 139.04933992849536 35.24551619530799 1.4455341339111327 -0.011119556427001954 0.00016489899999214686
93069 138.44524845624963 35.44357985876606 2.2238988876342773 0.40030179023742674 0.004090279999996937
93070 138.81403849741423 35.49658938718356 2.557483100891113 0.3224652767181396 0.0009917029999996884
93071 138.56343603069504 35.3620781712881 2.1127037048339843 0.20015082359313965 0.0019314629999939825
93072 138.77067614803403 35.30553953963308 1.8903135299682616 0.3558237552642822 0.0015438700000004247
93073 138.44570041299858 35.289461534531725 0.8895591735839844 -0.3335848331451416 0.00011572600000135936
93074 138.2535147873496 35.200979051947776 2.223898696899414 -0.2223898410797119 0.00012982000000647532
93075 138.6169889761131 35.20318348534722 1.8903135299682616 0.20015082359313965 0.0020326519999997574
93076 138.72154288204723 35.17359028907687 1.6679241180419921 0.17791190147399902 0.0010680419999999913
93077 138.52471044723026 35.0674075927976 2.0015087127685547 0.03335857391357422 0.0017443264999997155
93078 138.36869715761344 35.10345861665567 1.22314395904541 0.37806267738342286 0.0006299049999995531
93079 138.13490209922182 35.10391187238261 1.890313720703125 -0.033358526229858396 0.0012705310000001191
93084 137.69523653138847 35.079292942857386 0.6671697616577148 0.04447793960571289 0.0011773709999999937
940014 141.7306707832213 42.983252943800736 0.0 -0.5559746742248535 0.0009142565000004766
940017 139.85766905507683 42.4507341492121 0.6671695709228516 -1.0007543563842773 0.0008695298000006346
940018 140.94240633120128 42.37421431329863 0.4447797775268555 -1.1675466537475585 0.0015398290000007363
940020 139.51960181161792 42.153545190961616 1.4455339431762695 -1.2342636108398437 0.0020660323000001313
940021 140.1073246578527 42.00807378229242 1.0007539749145509 -1.0785907745361327 0.0008165489999996112
940022 140.74782721065122 41.82607203534877 0.667169189453125 -1.3676976203918456 0.0009735617000004027
940023 140.04065393320903 41.46637512279088 1.8903135299682616 -1.501131534576416 0.003112154000000089
940024 141.21327691463824 41.30077055783554 1.890313720703125 -1.9903891563415528 0.002269835300000267
940026 140.27298543295743 40.77898187693904 3.4470426559448244 -2.8465901374816895 0.0009884546999998634
940027 141.78910454757332 40.13344376264604 10.118738174438477 -5.0260107040405275 -0.00031053010000050565
940028 141.93998070850756 39.57237746066824 16.790434074401855 -4.103092956542969 -0.0009444209999998066
940029 141.20394182984197 39.11061622042102 16.012069511413575 -4.937054634094238 0.002101994000000218
940030 139.77615692795825 39.967899871895554 6.671695518493652 -3.024501991271973 0.0012622378999992633
940031 140.04825157024501 39.3986930108023 10.229933166503907 -3.4804012298583986 0.0012168618000004017
940032 139.80886344733284 38.8945999851022 10.118738174438477 -2.646439266204834 0.0009056496999996
940033 140.31875196338467 38.75859121441066 13.454586219787597 -3.2468918800354003 0.0008036489999994956
940035 140.36610316537102 38.33102445469468 13.454586029052734 -2.4351689338684084 0.0005040510000014819
940036 141.44119703915857 38.44918635861734 14.232950401306152 -4.425558090209961 0.0034535900999998147
940037 140.95420944660202 38.31748153437293 15.122509956359863 -3.7695079803466798 0.003179739499999812
940038 140.9081038271762 37.80066737764924 13.009806251525879 -3.636074113845825 0.003010880399999394
940040 139.7915166413827 37.6436953123283 9.340373992919922 -1.0118738651275634 0.0021659450000015568
940041 140.90253047277253 37.09071126781577 10.118738174438477 -2.98002405166626 0.0025802480000010064
940042 140.61184536918017 36.539926923839154 6.004525947570801 -1.8791943550109864 0.0014282589999993433
940043 139.72642768370116 36.401847414574796 5.782136154174805 -0.7561254978179932 0.002033415000001071
940044 138.906261745617 36.69703586631291 5.448551177978516 -0.2557483196258545 0.001384657000005518
940045 138.86540913956782 36.259032402330526 4.003017425537109 0.20015082359313965 0.0021490239999991446
940046 137.85112480885914 36.499766754850526 3.1134578704833986 0.40030179023742674 0.0033126450000054318
940047 137.9438087575104 35.92358085870587 2.5574834823608397 0.0889559268951416 0.0017211490000022423
940048 138.58329977057133 35.59033578556458 2.223898696899414 0.20015077590942382 0.0010650530000020809
940049 139.50957910498352 38.2306878212307 9.340373611450195 -1.3343390464782714 0.001213524400000665
940050 138.98887222212593 37.896469973015904 7.227670288085937 -0.7005280494689942 0.002211117400000262
940051 138.5744032942483 37.39767904905933 6.115721130371094 -0.31134581565856934 0.001660560900000263
940052 137.4872329573091 36.928958079732325 3.3358474731445313 0.10007553100585938 0.0012078260999999202
940053 136.8891680785935 37.38237533661623 3.4470426559448244 -0.26686787605285645 0.0006175183999999945
940054 136.64994174843002 36.6634122105857 2.44628849029541 0.08895597457885743 0.0004188904000002935
940055 136.17297590458864 36.231172828229816 1.7791187286376953 0.07783651351928711 0.0014754363000001546
940056 136.1058086938946 35.60256086042601 0.889559555053711 -0.03335838317871094 0.0008430660000001922
940057 135.2333846631177 35.54990393754849 1.4455345153808594 -0.4336602210998535 0.0006135715999995739
940058 137.34791201397778 36.13599315557389 2.1127037048339843 -0.07783651351928711 0.0006715869999993629
940059 137.24837437435355 35.80048395694259 1.4455341339111327 0.28910675048828127 0.001814256000000114
940060 136.90002557700387 35.52607242990722 1.7791187286376953 0.06671690940856934 0.0024931870000003188
940061 137.46757454663026 35.396765413901264 1.4455345153808594 0.23350925445556642 0.0025899460000005092
940062 136.15823268467187 35.09472774965707 0.8895591735839844 0.38918232917785645 0.002054806000001008
940063 137.04128567425994 35.128109292921174 1.3343389511108399 0.34470429420471194 0.00015772499999968658
940074 133.0586545036906 35.43387480049411 1.4455337524414062 -0.3780628204345703 0.0006071028999997452
940075 132.20897599550622 35.00281187241297 1.111949348449707 0.15567293167114257 0.0006438688999992337
950127 140.54393819808692 42.98525208516625 0.6671693801879883 -0.9562763214111328 0.0013394202999990057
950128 141.29033250318943 42.97137784716958 0.2223897933959961 -0.878439998626709 0.0020150139999998372
950129 140.88334123674392 42.857889220755695 0.6671695709228516 -0.5893330574035645 0.0018565830000000006
950130 140.603518909904 42.80271730492895 0.3335847854614258 -0.9785154342651368 0.0009436851000003798
950131 140.23320350630794 42.7864338988792 0.4447797775268555 -1.1008298873901368 0.0013223005000000398
950132 141.86398207993693 42.72944074301949 -0.2223897933959961 -0.8006033897399902 0.0012437151000000313
950135 141.07495542221687 42.66787578598246 0.4447797775268555 -0.8228424072265625 0.0022827399999982845
950136 141.60225965727153 42.65552981859473 0.22239017486572266 -0.5782136917114258 0.0008853827999999453
950137 140.8256837719319 42.64628979664334 0.11119461059570312 -0.7672450065612793 0.0006496449999985998
950139 141.3614805290646 42.54980017297782 0.33358516693115237 -0.9785154342651368 0.0009571282000003123
950140 140.35419751271175 42.49435957594755 0.22238998413085936 -1.022993278503418 0.0005831604000000823
950143 140.25048225066257 42.243676856374066 0.7783647537231445 -1.2120246887207031 0.0010269726000004197
950145 140.0039472704351 42.130847893098526 1.0007547378540038 -1.2120246887207031 0.00013565770000099065
950146 140.5687761453977 42.098671364185094 1.1119491577148437 -1.3009806632995606 0.0013318670999993287
950147 140.80554186143274 42.04296678898588 1.1119495391845704 -1.3454586029052735 0.0019631987000003903
950149 140.3158901191459 41.59902503163682 1.7791187286376953 -1.856955337524414 0.0015020829999997432
950150 140.88050746019516 41.45529582857668 1.5567291259765625 -1.9792695999145509 0.0012447825000002411
950151 140.635894864953 41.04321908124154 2.779873085021973 -2.657558631896973 0.0026342627000005337
950152 141.3679654182752 40.96824138728147 2.112703323364258 -3.0133824348449707 0.002214121000000091
950153 141.1978349567633 40.62506585954565 4.2254070281982425 -4.336602115631104 0.00198103500000002
950154 139.92812140621916 40.57763985825455 4.336602020263672 -2.657558822631836 0.0014084204999996075
950155 140.57815291854172 40.523650344218794 5.3373565673828125 -3.6916715621948244 0.0015863650000000006
950156 141.51128678961598 40.515355447297644 5.114966583251953 -4.414438533782959 0.0017638724000001104
950157 141.0764817521872 40.2910703632544 7.227670097351075 -5.804375267028808 0.0020920590000002904
950158 141.71314025952142 40.40519629636809 6.44930591583252 -4.54787244796753 0.000644065399999505
950159 141.29369315254607 40.291143161403305 7.338865089416504 -5.381834506988525 0.001118862000001286
950160 141.46195433946818 40.048593795453996 10.785907745361328 -5.57086591720581 0.0016142000000058943
950161 141.22507471525228 39.980568210902696 10.341128540039062 -6.182437992095947 0.0012933889999999337
950162 141.95055505086137 39.86936436862643 14.01056079864502 -4.748023414611817 -0.0019882609999996247
950163 141.16487302440925 39.8512389138435 11.67546730041504 -6.538261604309082 0.0007190449999995962
950164 141.80386442560246 39.84916938967819 14.010560607910156 -5.604224300384521 -0.0004355559999993375
950165 140.9645139176991 39.70108554942576 12.453831672668457 -6.5049032211303714 0.000999339999998483
950166 141.17211982840732 39.596564249971166 14.455340385437012 -6.649456596374511 0.0020720039999986284
950167 141.955277882137 39.45815190790242 17.568798446655272 -3.7139105796813965 4.7132899999269286e-05
950169 141.53416172673093 39.33805501717565 17.346408653259278 -5.048249626159668 0.0019741170000031616
950170 141.79806701321937 39.2535089724091 17.568798446655272 -3.2468918800354003 0.0008156120000009537
950171 141.73987544810936 39.02377144616158 15.456094932556152 -3.991897773742676 0.0019698820000002117
950172 141.5726183614621 38.902849825364406 16.012069129943846 -4.292124176025391 0.002611888500000248
950173 140.99060460895893 38.81533468105938 14.900119972229003 -4.436677551269531 0.0029881470000006514
950174 140.80165584825912 38.74893115325305 14.344145584106446 -4.047495365142822 0.00019657500000107574
950176 141.14756755736994 38.53947315936675 15.233705139160156 -4.125331783294678 0.0035190747000001465
950177 140.85137572396047 38.41175556898611 14.788925170898438 -3.6249545574188233 0.001193305099999975
950178 140.64286745025592 38.20573973506616 13.89936580657959 -2.524124813079834 0.0013980709999998453
950179 140.8440107439505 38.029655165603145 13.78817081451416 -3.3247282981872557 0.0014432696000000079
950180 140.44259155579186 37.98992863318382 12.676222038269042 -1.4232951164245606 0.0005552560000012363
950181 140.5773558213432 40.32504320170101 6.560500717163086 -3.8362249374389648 0.0017078589999982795
950182 140.2636676829982 40.271152695766354 6.44930591583252 -3.5248791694641115 0.0012270791000005942
950183 140.78734192142412 40.21543515123751 7.561255264282226 -4.9592937469482425 0.0014372530000002826
950184 140.04794297929985 40.24469079996372 5.893330764770508 -3.458162307739258 0.001835613100000444
950185 140.40199614355495 40.006873530793385 8.117230033874511 -4.525633430480957 0.00041186999999922593
950186 140.13238459964512 39.93605110134798 8.006034469604492 -3.458162212371826 0.00045959759999973925
950187 140.5970557120531 39.74915741660001 11.67546730041504 -4.536752986907959 0.0013652449999995043
950188 140.23422315178132 39.65830514123496 10.11873836517334 -3.969658946990967 0.0012734954999999103
950189 140.38663614056765 39.54928766724174 11.119492721557616 -4.125331783294678 0.0012473221000007585
950190 140.55979182592034 39.32699651527577 12.67622184753418 -4.514513969421387 -0.00011525099999971644
950191 139.90772752720585 39.20605890178172 10.00754337310791 -2.9466656684875487 0.0009231388000003448
950192 140.16199355820132 39.16420750174619 11.45307731628418 -3.8139860153198244 0.001301482000002352
950193 140.6296026229094 39.05189632700943 13.788170623779298 -4.636828422546387 -0.0010564940000051593
950194 139.54766980884446 39.18555969958539 8.673204231262208 -2.4574078559875487 0.0016539785999995615
950195 139.95738561015523 38.75971775907499 11.23068790435791 -2.757634162902832 0.00011212109999974018
950196 139.83177968812876 38.59403439695254 11.008297538757324 -2.3795714378356934 0.0007850180000019691
950197 139.74226171891615 38.14617385411149 10.45232334136963 -1.5233705043792725 0.001654393000001164
950198 140.09353982447777 37.96360567620813 11.564272499084472 -1.4455339908599854 0.0008161110000003191
950199 140.07758749707656 38.19754171137486 12.342636680603027 -1.6234458923339843 0.0022432480000020407
950200 140.46650329550428 37.68330650596814 12.120247077941894 -1.2787416934967042 0.0010219790000007833
950201 140.75509258334068 37.56055123592681 12.009052276611328 -2.902187633514404 0.0015199940000002244
950202 140.07269249008192 37.56694676366761 10.118737983703614 -0.5670941829681396 0.0017162050000024466
950204 139.52863732117976 37.47346177012271 8.7843994140625 -0.9562763214111328 0.001543247000000747
950205 140.66212745299632 37.32546688015574 10.897102546691894 -2.0459866523742676 0.0018506730000012795
950206 139.36435537477524 37.302798348227945 7.338865089416504 -0.3891822338104248 0.0015592569999967054
950207 139.5037775093879 37.28148883908193 8.117229461669922 -0.21127033233642578 0.0013359729999933734
950209 139.87143624629866 37.26107173684258 9.006789016723634 -0.5893331050872803 0.0013153289999991102
950210 140.2599389336187 37.12629344175414 9.229179000854492 -0.9229178428649902 0.0016530450000004748
950211 140.56165390751113 37.08929409784564 9.006789016723634 -1.434414529800415 0.0018754880000017237
950212 140.41327955131777 36.86209149374503 7.1164751052856445 -1.6790433883666993 0.0027835589999995135
950213 140.29343183556006 36.65056602881485 6.226915740966797 -1.7012824535369873 0.0015968210000039563
950214 140.75392443158213 36.80030740232447 7.783645057678223 -2.312854528427124 0.0014288419999999747
950215 140.077953178638 36.36491161647603 6.004526138305664 -1.2342636585235596 0.001850543999999843
950216 140.47634036688592 36.3443684746604 5.893331146240234 -1.679043436050415 0.002744648700000596
950217 140.03926424846745 36.854234254458824 7.33886489868164 -0.8006034374237061 0.001788014999999632
950218 139.6192540795002 36.66598350387776 6.671695518493652 -0.34470429420471194 0.0018200340000021243
950219 139.92347344459384 36.598945655346206 6.449305725097656 -0.9896347999572754 0.0020743870000018206
950220 139.22490981851206 36.76969227688013 6.4493061065673825 -0.34470429420471194 0.001648088000001735
950221 138.55271743342803 36.50799581982233 4.447797012329102 0.22238988876342775 0.0018363900000053946
950222 139.33039176035837 36.42162815933478 5.670941352844238 -0.21127033233642578 0.0021386000000006788
950223 139.07568848454775 35.986891290337084 3.8918222427368163 0.11119489669799805 0.0009859720000008564
950224 139.79599062458155 35.89596961275223 4.89257698059082 -0.46701869964599607 0.0013602814000002184
950225 140.04809617243993 35.657205626153434 5.003771591186523 -0.811722993850708 0.0005251563999998154
950226 140.3849096721726 35.24324292635125 3.4470426559448244 -0.8006034851074219 0.002384874399999859
950227 139.97489011950745 35.00279149145848 2.001508331298828 -0.14455347061157225 0.0012935585000001027
950228 139.630652687429 35.663697144731394 3.891822624206543 -0.13343391418457032 0.0016766887000002838
950229 139.1626028523705 35.33620843968519 3.002263069152832 0.1556729793548584 0.002239397000002441
950230 139.14241623213923 35.2685998955399 2.223898696899414 -0.022238922119140626 0.0010895348000005355
950231 139.25335768742096 38.46539038791055 8.45081443786621 -1.3454586029052735 0.001402645499999977
950232 138.5130931758112 38.31934560966262 6.115720748901367 -0.8895593643188476 0.0010721054999990542
950233 138.47168736674203 38.063279185406046 6.33811092376709 -0.4447796821594238 0.0011671652000003973
950234 139.3514683858729 37.92938298574849 8.784399223327636 -1.0007544040679932 0.0019811238000002618
950235 138.2730735052703 37.81590161177839 5.782136154174805 -0.567094087600708 0.0014027840000004233
950236 139.4778969040596 37.685905461948714 8.7843994140625 -0.9562763690948486 0.0009198550000007799
950237 138.78051213138116 37.6675231856746 6.004525947570801 -0.07783651351928711 -0.0010622999999995385
950238 139.0591275110323 37.662294808843015 7.450060081481934 -0.6560500621795654 0.0012628970000001516
950239 138.99801686517245 37.46771785243277 7.1164751052856445 -0.4336602210998535 0.001615598000000773
950240 138.7899890071748 37.31131469042259 6.22691593170166 -0.3335847854614258 0.003583260999999993
950241 138.3335757950761 37.23112202483565 5.226161766052246 -0.16679234504699708 0.0014662534999999367
950242 138.93372714421028 37.16603519861939 6.33811092376709 -0.18903131484985353 0.001947139999998626
950243 138.1001951692734 37.16079064978143 4.558991813659668 -0.044477987289428714 0.0014495599999975184
950244 138.60872903097373 37.07913399257716 5.559746551513672 0.10007548332214355 0.001964484000001221
950245 137.87385041911043 37.04517344536396 4.1142120361328125 -0.033358526229858396 0.0019040914000001408
950246 138.83085086287332 36.993459620333525 5.782136344909668 0.05559749603271484 0.0015532739999969182
950247 138.1986785258615 36.86540421333993 5.670941352844238 0.12231450080871582 0.0021795040000029075
950248 136.99612815660876 36.74062097661281 2.6686782836914062 0.08895597457885743 0.0011650050000000078
950249 137.19519856176623 36.634336811080416 2.6686782836914062 0.18903145790100098 0.0004122700000010582
950250 137.4398983000897 36.57870573058063 2.779873085021973 0.05559749603271484 0.002001759999996011
950251 136.9205601250675 36.40187924826263 1.5567289352416993 -0.34470429420471194 0.00028323599999566793
950252 136.91927182544012 37.85049537790637 3.5582374572753905 -0.4114212989807129 0.00015298389999998107
950253 137.27005235567412 37.44602714118657 3.6694326400756836 -0.2779873847961426 0.0003803928000003509
950255 136.38894404426628 36.39445632555467 2.001508903503418 0.0889559268951416 0.0011535623999996858
950256 136.63394876333555 36.1652892784155 1.7791183471679688 -0.45589919090270997 0.0009118589999957294
950257 136.2789464461584 36.14561944231323 2.0015087127685547 0.10007543563842773 0.0012087974000003499
950258 136.50492503563723 35.98490818006933 1.1119491577148437 0.9340373992919921 0.0023522439999993593
950259 135.98976450941615 35.945004871078794 1.6679241180419921 -0.033358430862426756 0.0011218369999994593
950260 136.1973950605629 35.79278225219157 1.5567289352416993 0.45589919090270997 0.0024566479999975853
950261 135.90764053666385 35.53440951203199 1.7791189193725585 -0.27798733711242674 0.0011200543999997591
950262 135.60888074115033 35.4627149754061 1.3343385696411132 -0.17791190147399902 0.0015904818000002762
950263 138.31639795566736 35.855979039488886 2.557483100891113 0.2446287155151367 0.0028559369999925366
950264 138.6951338942012 35.74687551750884 2.779873085021973 0.444779634475708 0.00208814899999652
950265 138.43616985658795 36.801709050474734 3.7806272506713867 -0.27798733711242674 0.0028478500000005623
950266 137.8723348958679 36.70646871786129 5.670941352844238 0.2223898410797119 0.002413278000005903
950267 138.24747069916825 36.66515541578409 4.114212608337402 0.0 0.0024031170000000657
950268 138.3225267158031 36.38617691303439 3.66943244934082 0.2557483673095703 0.0015750300000036076
950269 138.63779985496168 36.34601410513667 4.003017616271973 0.4336602210998535 0.0024619300000040313
950270 137.90281801151121 36.32237163791694 2.891067886352539 0.2557483673095703 0.0031991759999982607
950271 138.21648811097293 36.208467721750516 3.224652862548828 0.07783646583557129 0.0025642370000014125
950272 138.46097569875224 36.130639962057494 3.66943244934082 0.2557483673095703 0.003948464999996304
950273 137.98301349825542 36.121109591706364 2.891067886352539 0.14455337524414064 0.0017772789999980886
950274 137.69626143351803 35.78361812361011 1.667923927307129 0.26686787605285645 -7.036499999912849e-05
950275 138.03831879085948 35.556130000171706 2.668678092956543 0.05559749603271484 0.0012370640000085587
950276 137.81523878348085 35.521092268544116 1.8903135299682616 -0.20015087127685546 0.002666612999996687
950277 137.92527307649084 35.31714439146455 1.4455341339111327 0.8450814247131347 0.0009339880000027278
950278 137.58766951138614 35.24699947009466 1.667923927307129 0.12231440544128418 0.002916489000006095
950279 137.1471741393926 36.33551078120468 2.44628849029541 -0.42254071235656737 9.499900000946582e-05
950280 136.95276435245322 36.03304870829902 1.4455341339111327 0.11119494438171387 0.0010211590000039905
950281 137.53486873903233 35.97345841212598 2.335093307495117 0.9117983818054199 0.0018186000000014247
950282 136.86318265173347 35.86694139363948 1.8903139114379883 0.3224652767181396 0.001760095999998157
950283 136.9753031516508 35.75778320012562 1.8903139114379883 0.18903131484985353 0.001112553000001526
950284 137.42477414538004 35.6571894886661 1.4455339431762695 0.2891068458557129 0.0018183180000050925
950285 136.4887689023535 35.63615338822653 1.667923927307129 -0.3891822338104248 0.0008925680000004376
950286 136.61139549394855 35.63289784793719 1.5567291259765625 0.34470429420471194 0.0007137069999998858
950287 137.17414606411214 35.61208667994856 1.5567287445068358 0.2557483673095703 0.001119567000000643
950288 136.68728360653225 35.48832464000227 1.4455341339111327 0.4336602210998535 0.001890081999999893
950289 137.12468863125957 35.47870073348051 1.2231443405151368 0.21127033233642578 0.0012386590000005525
950291 136.5497440244622 35.371709802993664 1.3343389511108399 0.15567293167114257 0.0022438338999997143
950292 137.11023274457423 35.367372495636495 1.3343393325805664 0.38918228149414064 0.0008241730000008829
950293 137.40560748465398 35.26196731642052 1.3343391418457031 0.47813825607299804 0.0012540299999955096
950294 136.59344589742452 35.227905840598204 1.0007543563842773 0.10007548332214355 0.002311191200000451
950295 137.98041640867663 35.03151837412024 1.667923927307129 -0.2557483673095703 0.0010294270000031247
950298 136.92997982648646 35.33476088411897 1.2231441497802735 0.18903131484985353 0.0016862146000008239
950299 136.8288334708079 35.19010686269426 1.3343391418457031 0.34470429420471194 0.0016896750000000792
950300 137.2535636017115 35.13875295347759 1.111949348449707 0.34470429420471194 0.0013646030000018072
950301 137.31316496067254 35.03946515568572 1.1119491577148437 0.2223897933959961 0.0011124880000011217
950317 136.19794673906662 35.557331504034266 1.3343389511108399 -0.07783641815185546 0.0019061989999983099
950318 136.05366712694826 35.466286795730724 1.4455343246459962 -0.011119413375854491 0.0026618009999992863
950319 135.91320876801308 35.35125491125289 1.2231441497802735 -0.3224652767181396 0.0012368940000015982
950320 136.06282851133946 35.31897490008734 1.3343393325805664 0.6226916790008545 0.0021707240000012006
950321 136.23561445826564 35.26944124876753 1.1119495391845704 0.2001509189605713 0.0013042630000001053
950322 135.87080919934237 35.137040124424495 1.000754165649414 0.15567288398742676 0.002533890999998789
950327 135.1732162542599 35.75235304991239 1.3343389511108399 0.1779118537902832 0.0008642813999998111
950328 134.93228682259672 35.55568158523972 2.0015087127685547 -0.11119494438171387 0.0008985098000010794
950329 135.1640355032179 35.29233641169722 1.111949348449707 0.0 0.0014628439999995635
950331 135.36690575904066 35.16378699932573 1.2231441497802735 0.11119494438171387 0.0017256229999986772
950332 135.56452306929557 35.07758200803427 1.0007543563842773 0.5782136440277099 0.00272448000000054
950341 134.58249464574297 35.43674684534844 0.6671697616577148 0.3891822338104248 0.0011816490000001068
950342 134.81850326171005 35.31489832239549 1.5567285537719726 0.3224652767181396 0.0012672739999970873
950344 134.5859601688557 35.094454171986506 1.4455339431762695 0.14455342292785645 0.0008988479999999299
950345 134.97258910703349 35.09078461796906 1.111949348449707 0.30022635459899905 0.001990614999999707
950378 134.0466707898637 35.45675479705739 0.889559555053711 0.18903136253356934 0.0010989710000004038
950379 133.4390724195987 35.34553550297089 1.5567289352416993 0.011119413375854491 -0.0004087850000004778
950380 134.23736794694557 35.26586268531271 1.5567285537719726 -0.46701869964599607 -0.000937723000001256
950381 133.30853272719514 35.16457472371537 1.000754165649414 0.2891067028045654 0.00040707199999587826
950382 133.23988078244358 36.28529009673298 1.5567289352416993 -0.3224652767181396 0.0002108977000006007
950383 132.9843792755408 36.09320958355832 1.111949348449707 0.06671690940856934 0.0008425695999996208
950384 132.7432146558393 35.39261485250961 1.667923927307129 -0.14455337524414064 0.0015622264999997526
950385 132.99542376581482 35.19561314670633 1.1119491577148437 -0.04447793960571289 0.0009857549999992444
950386 132.50732220247843 35.18595412294454 1.5567289352416993 -0.011119461059570313 0.0010764133000009223
950387 132.72050602546025 35.01977308117602 1.3343387603759767 -0.3113457202911377 0.0001994130000014138
950389 133.79247734025904 35.26353853634875 1.6679241180419921 0.122314453125 -0.0001395349999938844
950390 134.3196405958369 35.09964123335765 0.7783645629882813 0.06671690940856934 0.0010386050000022351
950391 134.23477038051456 35.020881496974134 1.000754165649414 0.10007538795471191 0.0011973839999996016
950392 133.7345024698851 35.00296134338322 1.3343389511108399 -0.25574841499328616 0.0014374479999986534
95105 139.17103514883752 35.040627876360354 1.2231441497802735 0.3113457679748535 0.0004577783000002
960522 141.5774164214567 42.884431040246234 0.0 -0.7783644676208497 0.0012456838000005632
960523 141.4070931098171 42.7731892530206 -0.5559749603271484 -0.6004526138305664 0.0009755779999977676
960525 140.76762324077006 42.551378986066865 0.3335845947265625 -0.9562763214111328 0.0011842561999998225
960526 140.87637246316106 42.47390122414542 0.4447797775268555 -1.0674712181091308 0.0014005583999995963
960527 139.44615065742755 42.060503880521146 1.3343393325805664 -1.1119491577148437 0.0012367251000000579
960528 140.66686876572243 42.123142410259995 0.5559745788574219 -1.5789680480957031 0.00012346939999972051
960529 140.71543714807126 41.976685806976384 0.7783649444580079 -1.2787415504455566 0.0007851359999989427
960530 140.07123096226886 41.80302607013365 1.4455341339111327 -1.7457603454589843 0.0014105184999991139
960533 141.44758892041355 41.40470451571616 1.1119495391845704 -2.034867191314697 0.0010008736000003183
960534 140.49076933425985 41.18507638347408 2.6686782836914062 -2.2238986015319826 0.002333460300000212
960535 140.82198753131834 41.145543936708165 1.779119110107422 -2.4351689338684084 0.0012049275999999054
960537 141.13181033758102 40.86235775811385 3.113457679748535 -3.291369819641113 0.0015855400000006625
960538 140.58922914798538 40.7062724252185 4.003017425537109 -3.224652862548828 0.002184210900000494
960539 141.37621427790393 40.676394562812064 3.66943244934082 -3.5804765701293944 0.0017898347999988572
960540 140.4785321923632 40.62434200672769 4.447797393798828 -2.6686782836914062 0.000943210100000158
960541 140.80335195083794 40.64356294488932 4.6701868057250975 -3.969658851623535 0.00019620200000645128
960542 140.45156849130643 40.91017441633469 3.002263069152832 -2.6242002487182616 0.0015447000999998296
960543 141.06634030172455 39.953073353044 10.229932975769042 -6.738412475585937 0.0010464470000044912
960544 140.7691995090622 39.35129322006522 13.454586029052734 -5.248400592803955 0.001054063999998789
960546 141.57550391237885 39.14308296075865 16.679239082336426 -4.169809722900391 0.0014844799999991665
960547 141.6753050642635 39.59611625561332 16.901629066467287 -4.925935173034668 0.0002630879999969693
960548 140.84787999835015 38.54621509750521 14.232950401306152 -3.8918224811553954 0.0021488847000000534
960549 141.21293969866454 38.425050124420046 15.011315155029298 -4.003017330169678 0.003270981900000436
960550 141.50072189044468 38.30117733556857 13.454586219787597 -4.292124223709107 0.0035546560000000228
960551 139.84894288652487 39.89113095510534 7.7836448669433596 -3.1023386001586912 0.0017734556999997153
960552 140.04473202664258 39.82580486584776 8.339619445800782 -3.4470427513122557 0.0012512725000000558
960553 140.7328618480583 39.702675051902034 12.453831672668457 -4.725784397125244 0.0004992369999968105
960554 140.50670563416432 39.1990911271406 12.565026664733887 -4.314363098144531 0.0004993290000015804
960555 139.92750763846544 39.01596847517954 10.785907745361328 -2.946665573120117 0.0006141186000007792
960556 140.36517035381573 38.496765841084226 13.676976013183594 -2.724275732040405 0.0007351959999994051
960557 140.27115462330735 38.14809415509824 12.676221656799317 -1.901433277130127 0.001035070999998311
960559 140.20566625368713 37.61595187241082 11.008297729492188 -0.7894839763641357 -0.00019982500000423898
960560 140.37291436260386 37.62072862335969 13.232196426391601 -1.145307731628418 0.0024854920000052516
960561 140.13588922984493 37.42450663325628 10.118738746643066 -0.5893331050872803 0.001487128999997367
960563 139.5861691689695 37.09724869796318 7.561255073547363 -0.30022625923156737 0.0006678029999989121
960564 139.46169569524668 38.056182112609946 9.34037380218506 -0.8450814247131347 0.0007143319999997289
960565 138.36988819678905 38.02368674703896 6.115720939636231 -0.6671695709228516 0.0018365255999995612
960566 138.70694453003614 37.53583135067337 6.449305725097656 -0.2557483673095703 0.001118077300000664
960567 138.51637459184425 37.348538942302596 5.559746551513672 -0.25574827194213867 0.001533398000000119
960568 139.02025961171597 37.31987028119914 7.227669906616211 -0.3669432640075684 0.0015760659999983773
960569 138.24259069919233 37.056681438719565 4.892576789855957 -0.17791190147399902 0.002130913700000292
960570 137.89387489828025 36.950871481933454 4.114212417602539 -0.13343381881713867 0.001947445000001835
960571 139.07391735558284 37.75206347040536 7.894839477539063 -0.9340373992919921 0.0017840467999995723
960572 137.36951786544032 36.73695825380793 3.1134580612182616 -0.055597448348999025 0.0015852676999998038
960573 137.03190069634027 36.649561909599974 2.6686782836914062 0.06671700477600098 0.0010984803000013699
960574 137.13854694403742 37.306969825241254 3.335847854614258 -0.06671690940856934 0.0011429370000001881
960575 136.71876300934082 37.15674439994335 2.891067886352539 0.0 0.0004628379000003235
960576 136.99607129160157 37.12315622580128 2.779873085021973 -0.8673203945159912 0.0004209638000006066
960577 136.7556534065873 36.817478612708506 2.6686782836914062 -0.11119494438171387 0.0004544637000002183
960578 136.60533561208757 36.370068966303144 2.1127035140991213 -0.055597543716430664 0.00015346200000010413
960579 136.18499348917717 35.96888721886886 1.4455341339111327 0.011119413375854491 0.001932153199999931
960580 136.0559840924173 35.83684116254202 1.3343389511108399 0.07783637046813965 0.002113771500000894
960581 140.4976077983459 36.7430253236427 6.782890510559082 -1.8680747985839843 0.0024327889999995024
960582 139.98777226958967 36.30070471171336 5.8933309555053714 -1.267622137069702 0.0009184167000000798
960583 139.93150422537659 36.11481326541726 5.559746170043946 -1.2120245933532714 0.0016245028000000162
960584 140.20244939689692 36.031338983745385 6.004525947570801 -1.5678484916687012 0.0019124342000012007
960586 139.80575668973253 36.97958136893625 7.783644676208496 -0.4558992385864258 0.0018513289999987138
960587 139.8542649254364 36.776371356424164 7.005280303955078 -0.4781381607055664 0.0025885160000029828
960588 140.15769841951143 36.6924546873787 6.560500907897949 -1.4455339908599854 0.0023063110000009603
960589 139.4905967803173 36.624174241841246 6.115721130371094 -0.16679234504699708 0.0010921499999994922
960590 140.1793159808924 36.54221509871234 6.226916313171387 -1.3343390941619873 0.0023556270000000268
960591 138.59144967410907 36.61631796885896 4.781381988525391 0.011119508743286132 0.000999069999988933
960592 139.06664539820088 36.23467072459316 4.336602020263672 0.07783651351928711 0.0020065739999978404
960593 138.91242222388644 36.14275368901575 4.2254070281982425 0.11119494438171387 0.0019213639999975385
960606 138.69038298223808 35.64951852051968 2.8910680770874024 0.3224652767181396 0.0012139899999965564
960607 139.02577795251207 35.5118682016102 2.5574832916259767 0.6004525661468506 0.00304892200000495
960608 137.98455266494668 36.23902972983557 3.224652862548828 -0.10007543563842773 0.0014421649999917462
960609 137.87175225621533 36.22836934831768 2.44628849029541 0.24462881088256835 0.0006302450000021054
960610 138.4992838953744 36.28471375376022 3.7806278228759767 0.3669433116912842 0.0012484250000056817
960611 137.68262882737875 36.084663547503894 2.44628849029541 0.07783651351928711 0.0022607699999980468
960612 138.21448619390753 36.02616327443318 2.557483100891113 0.2557483673095703 0.002506079999989197
960613 138.5830292681076 35.97414749533707 3.3358480453491213 0.7672449588775635 0.0007680100000015955
960614 137.59827532348226 35.880003175789994 2.2238988876342773 -0.1667924404144287 0.002384355999993204
960615 137.98389075545853 35.72629333001491 1.4455343246459962 0.23350939750671387 0.002184376999991855
960616 137.67639847921754 35.34373426261913 1.4455337524414062 0.4003016471862793 0.0025466099999903236
960617 136.90427190333006 36.26146817309701 2.0015081405639648 0.5782136440277099 0.0004872060000025158
960618 137.36302196658588 36.285642757672214 2.223898506164551 -0.7338865280151368 0.0015024600000060674
960619 137.20067042194162 35.91163470375108 1.779118537902832 0.46701879501342775 0.0028797209999993356
960621 138.92835610490692 35.204394830678105 2.1127038955688477 -0.011119461059570313 0.001566693000000896
960626 138.9068945447798 35.04724339474095 1.111949348449707 0.1779118537902832 0.0018992865999997832
960627 140.08631298402 36.10363478067774 5.782135963439941 -1.2342636585235596 0.0018469154000001708
960629 137.07356656745603 35.23908659391478 1.4455339431762695 0.522616195678711 0.0006884069999983922
960630 136.96580217969807 35.16842178731845 1.3343391418457031 0.5226162433624267 0.0009937700999998356
960633 136.69425147607242 35.050911415205874 0.889559555053711 0.17791194915771485 0.0016400342000004286
960638 136.26474738756653 35.42035693575675 1.000754165649414 0.30022625923156737 0.0010028549999987035
960639 136.04120008556532 35.0857237540077 1.0007543563842773 0.26686782836914064 0.0016101499999990666
960640 135.03404906412968 35.68507800262674 1.667923927307129 -0.10007543563842773 0.0008313843000003374
960641 135.41583176156533 35.48221431706421 0.7783643722534179 0.15567293167114257 0.0019732664999999373
960642 135.54952356428527 35.27585962303053 0.7783647537231445 -0.07783651351928711 0.001079136999999264
960643 135.7733036372818 35.05313674987733 1.0007547378540038 0.16679229736328124 0.0015267950000009023
960645 134.67737970255413 35.62120155011682 1.4455341339111327 0.13343386650085448 0.0016005433999993102
960646 134.72871256251705 35.461262113225004 1.3343391418457031 -0.6115720272064209 0.001945440000000076
960647 135.02203518444662 35.23788007451829 1.0007539749145509 0.4336602210998535 0.0012528899999978194
960648 134.77122250766683 35.162743264048515 1.0007543563842773 -0.11119494438171387 0.0006266939999989063
960654 133.3396867695343 35.43601028761652 1.22314453125 -0.06671695709228516 6.27678000000742e-05
960655 134.32528022349697 35.361442567481745 0.6671695709228516 -0.11119494438171387 0.0026730719999989105
960656 133.13788892654614 35.56353463932204 1.3343393325805664 0.3780627727508545 0.0006153459000003636
960660 133.56399130757333 35.16966158724749 1.3343393325805664 -0.21127042770385743 0.0006777800000008938
960752 139.05673981172143 36.53925917412097 5.448551368713379 0.12231440544128418 0.0009280119999971248
960753 139.26933186564477 36.00373547240954 4.558992004394531 -0.3335848331451416 0.0014295510000010836
960754 139.18220099934842 35.88404864628805 4.003017234802246 0.011119413375854491 0.0008696359999987635
960755 139.36597292816626 35.80080221218034 3.7806272506713867 -0.07783646583557129 0.0010296659999994517
960756 140.24916240998732 35.28838329539405 3.4470426559448244 -0.5448551654815674 0.0029802118000006317
960758 139.36989965441882 35.61642830726937 3.224652862548828 0.28910675048828127 0.0019070379999988063
960759 139.6138441097783 35.160866862492924 2.001508331298828 -0.022239017486572265 0.0018613553000008665
970792 141.08105849181194 42.420546604415506 0.8895593643188476 -1.2453831672668456 0.00260741419999988
970794 140.37123575585838 41.93485172704398 1.111949348449707 -1.6679238319396972 0.001643730000000687
970795 141.45260421683423 39.849010390643244 13.121001243591309 -5.904450607299805 0.0013112760000012712
970796 140.98847595869182 39.12700021817663 14.7889253616333 -5.2706396102905275 0.0012162359999990714
970797 140.64565837417388 37.984404586712586 13.343391227722169 -2.0682255744934084 0.0027660130000001005
970798 140.82291647829337 40.044970304534154 8.673204803466797 -5.470790386199951 0.0011174620000019785
970799 140.0946472957234 38.43433964408584 11.786661911010743 -2.2238985538482665 0.00010965900000314832
970800 140.84166353387417 37.01844635489194 9.229179000854492 -3.157935905456543 0.0027283330000003048
970801 139.4022408768104 37.036934467190434 6.671695709228516 -0.5559746265411377 0.0016026809999971192
970802 138.94482297319212 36.77806112697538 5.670941352844238 -0.26686782836914064 0.0007442040000000816
970803 140.19993289799518 38.288979597319106 12.342636871337891 -2.0682256698608397 0.0002355309999984456
970804 139.52192543910172 35.419268708777615 2.779873085021973 -0.044477987289428714 0.0012298895000000698
970805 139.22603795284886 37.828158754107754 8.006034469604492 -0.8228424072265625 0.0012148295999999449
970806 138.8804488656026 37.77698969485113 7.1164751052856445 -0.5337356090545654 0.0017964827000000127
970807 138.7795470433012 37.49865604315927 6.004526138305664 -0.17791190147399902 0.002021817000000681
970809 138.45682125730488 35.67369350088284 2.5574832916259767 0.5114965915679932 0.0010745890000009694
970810 138.92028608424593 37.58973635614726 7.005280494689941 -0.4003016948699951 0.0019208861000002742
970811 137.52878190022662 35.57509245545817 1.2231443405151368 0.511496639251709 0.0012631599999963327
970812 136.47030642486834 35.359730954525986 1.1119489669799805 0.1445535182952881 0.0037890940000011144
970813 138.97386891933155 35.11416698962728 2.0015087127685547 0.4003016948699951 0.000697547999999415
970815 138.60997503009477 35.11715276417185 2.1127038955688477 0.20015087127685546 0.0015378434000005825
970817 138.2099847476874 35.06697438884411 0.889559555053711 0.3224652767181396 -0.0007477689999973336
970818 138.08168518738697 35.04488392567531 1.5567289352416993 0.3558236598968506 0.0012518489999990834
970822 136.78882515428415 35.30083743492725 1.2231443405151368 0.4003016948699951 0.002532091300000161
970823 134.58821060926005 35.28334325001636 1.5567289352416993 0.37806272506713867 -0.0004112699999950564
