000843 134.04954669711648 35.174887007614544 1.5567289352416993 -0.10007543563842773 -0.000674922999996852
010844 140.81054264588744 40.83440299266197 3.6694326400756836 -2.20165958404541 0.00030845420000034094
010845 140.32440608399125 37.36182224068101 8.562009048461913 -0.06671695709228516 -9.718300000258751e-05
020847 137.86876359234756 35.160451182707114 1.4455345153808594 0.26686782836914064 -0.00111819999999625
020888 140.01177806424934 42.68533493428772 1.4455341339111327 -0.5337355613708497 -0.0006653186000001199
020892 140.92933456661015 41.74058994678514 1.8903141021728516 -0.9229178428649902 -5.4370399999470466e-05
020893 140.53502856530255 41.711322961702635 1.6679241180419921 -1.0341128349304198 -0.001342030300000374
020894 141.09446916897068 41.46615755880059 1.8903135299682616 -1.3343390464782714 0.0005073159999994914
020895 140.9838166604259 41.1996606883443 2.335093307495117 -1.6456850051879883 -0.00023164159999993216
020896 141.38569568798167 41.16093098675579 2.2238988876342773 -1.5900875091552735 -0.0010263861999995072
020897 140.2935326695265 41.12172020619298 2.446288299560547 -1.7235213279724122 4.395200000004706e-05
020898 140.01100015308137 40.73062983076556 3.6694326400756836 -1.8013578414916993 -0.0005298199999998587
020899 141.10602877244762 40.57997601632229 4.225406837463379 -3.2468917846679686 8.171000000061213e-05
020901 141.33200066746113 40.50875371270484 4.558991813659668 -3.2024138450622557 -0.0015497509999988779
020902 140.941597776802 40.44762753820635 5.559746170043946 -3.9474199295043944 -0.000952991999997721
020903 141.48487258904467 40.271036318254545 6.4493053436279295 -4.080853748321533 -0.0007957430000033128
020904 141.0464660298588 40.10673961584258 7.33886489868164 -4.6590673446655275 -0.0003346620000002076
020905 141.66219077264347 39.97094932499905 10.45232334136963 -4.481155490875244 -0.0006073659999970005
020907 141.42614790728115 39.63935935269238 13.67697582244873 -5.014891147613525 -0.00104326000000583
020908 140.836336163078 39.55444785697545 10.452323150634765 -4.080853748321533 -0.002122278000001643
020909 141.29302353560774 39.4646829818207 14.344145584106446 -4.481155490875244 -0.00048229800000001435
020910 141.31169991542856 39.23536375504552 15.456094741821289 -4.192048740386963 -0.0007843570000005684
020911 141.40088691687677 39.01209543697207 14.455340003967285 -2.73539514541626 0.0008504860000016379
020912 141.14855297797922 38.9954528943302 13.454586029052734 -2.702036666870117 -0.000903789000000188
020913 140.83321097745167 38.93402150788125 12.898611450195313 -3.2246527671813965 -0.002377195999997639
020914 141.31790036285625 38.74320849098058 13.78817138671875 -2.4351688385009767 0.000496256200000289
020915 141.00436605264827 38.68612563675114 15.233705139160156 -3.558237648010254 -0.0008235489999989909
020916 141.1607545217336 38.66061947757262 14.232950592041016 -2.86882905960083 0.00025644400000004455
020917 140.72774933355765 38.57180434939306 13.009806823730468 -2.7909926414489745 -0.00027864899999769933
020918 141.30443631064907 38.509832591649946 11.45307788848877 -2.457407903671265 0.002512542600000245
020920 140.7276895615747 37.824596391646836 12.453832054138184 -1.612326431274414 -0.0008608869999989111
020921 140.02757345303453 40.3393920822745 5.003771781921387 -2.4462883949279783 -7.193599999979483e-05
020922 140.40816140262243 40.18331152003463 6.449305725097656 -3.280250358581543 0.00035649499999976795
020923 140.00550499634315 40.09969507577815 6.115721130371094 -2.7242756843566895 -0.00012603459999951382
020924 140.53586783486497 39.92138516833659 8.673204612731933 -3.5693571090698244 0.00033840300000065326
020925 140.05394036233525 39.527559355746035 9.22917881011963 -2.757634162902832 -0.0009406712000000539
020926 140.59610483033467 39.508130205804264 11.008297729492188 -3.7806275367736815 -0.0002485909999990099
020927 140.27893044686857 39.296742959591136 9.896348571777343 -3.213533401489258 -0.001066112999998836
020928 140.71507140863415 39.14619384458813 12.342636871337891 -4.103092861175537 -0.0019980800000041652
020929 140.44735378327923 39.05437360530982 11.341882705688477 -3.413684272766113 -0.002915520999999899
020930 140.18349245055188 38.93809718984308 9.896348571777343 -2.7465147018432616 0.0003205729999990581
020931 140.49728358226116 38.75214989751336 12.453831672668457 -2.713156223297119 -0.0021323840000007977
020932 139.6745411643732 38.70116323916739 8.895594215393066 -1.8235967636108399 -0.0013641620000001352
020933 140.22052637901479 38.628409429715646 12.342636871337891 -2.0015087127685547 -0.001454468999997971
020934 140.39390438334695 38.17043605715577 11.675467491149902 -2.2572569370269777 -0.0019340919999990547
020935 139.8794228458227 37.92058294740891 9.673958587646485 -1.1786662101745606 -0.0006607690000009825
020936 140.44681586473124 37.8334931748766 11.34188232421875 -0.6560501098632813 0.001770224000000553
020937 139.9726774483367 37.66928697301877 9.340373992919922 -0.9673957824707031 -0.00036928399999851534
020938 140.57166929689876 37.59108846524904 10.674712562561036 -0.6338111400604248 -0.0011485589999949753
020939 139.8355374368561 37.46128825263906 8.450814056396485 -0.3113457679748535 -0.0012443080000025474
020940 140.46404938686575 37.44487001847342 10.3411283493042 -0.4781381607055664 -0.00029944000000341474
020941 139.68635800080443 37.326209646316805 7.227670097351075 -0.3669432163238525 0.001214199000003191
020942 140.2127611685047 37.29304023582061 8.45081443786621 -0.13343396186828613 -0.0013085450000005494
020943 140.4509871257827 37.21056099347445 8.673204231262208 -0.633811092376709 -0.00022165500000141946
020944 140.71601578303776 37.18308939311066 11.119492340087891 6.560500764846802 -0.00029260199999043835
020945 140.37628412990958 37.02357970025889 3.224652862548828 -1.3232195854187012 0.0008598549999987882
020946 140.69016571181874 36.93261899710798 3.2246530532836912 22.950632858276368 -0.05437224700000058
020947 140.38570168452387 36.47584888425995 5.670941352844238 -2.2016595363616944 -2.132150000022648e-05
020948 140.03542223584734 37.12469900934291 7.561255073547363 -0.5337356090545654 0.00010522300000275209
020949 139.50532352522865 36.87224696812643 6.004525947570801 -0.45589919090270997 -0.0011338399999885952
020950 139.75279816592214 36.53763259962571 5.782136344909668 -0.9229178428649902 -0.00011179799999752049
020951 139.90251560337336 36.45657996837992 5.670941352844238 -1.2565026760101319 -0.0003735120000001757
020952 139.06085981723922 36.837354842563855 5.782136344909668 -0.03335847854614258 -0.00047697300000208996
020954 138.84789739225437 36.59137705874997 5.003771781921387 0.08895587921142578 -0.0004766749999987496
020955 139.01671629568517 36.39534665083554 4.89257698059082 0.033358430862426756 -0.0005927580000019361
020956 139.25464504928837 36.26769135491819 4.6701868057250975 -0.23350934982299804 -0.001781863799999428
020957 138.7029885986392 36.20026628195779 3.3358480453491213 -0.07783637046813965 -0.001503663999994842
020958 138.92605681558263 35.9299280564337 3.7806272506713867 0.22238988876342775 -0.0011638400000038018
020959 139.9684715279151 35.143802900109996 2.779873085021973 -0.37806267738342286 -0.00023353400000019063
020960 139.36606596664456 35.39148818038643 2.8910682678222654 0.08895597457885743 -7.614169999996534e-05
020961 139.11145804410054 37.540340987651646 7.005280685424805 -0.5003771781921387 8.006999999565778e-06
020962 138.634606577154 37.212113043028594 5.2261615753173825 -0.033358526229858396 0.00034339299999999187
020963 139.24711726453953 37.15761546215476 6.449305725097656 -0.5003771781921387 -0.0010003960000062762
020964 138.45736658360335 37.107084558494115 5.003771591186523 -0.2223897933959961 0.00012958599999990383
020965 140.29649976216416 36.77895491541068 4.447796821594238 -2.6019612312316895 -0.0009976209999990715
020966 137.0264367980763 36.91950782688851 3.1134580612182616 0.033358430862426756 -0.0002959720999996307
020967 137.55133120322455 36.86434439697655 3.4470426559448244 0.11119494438171387 -0.00044071300000041446
020968 137.15447804930358 36.75795041767848 3.1134578704833986 0.18903131484985353 -0.0006419225000001916
020969 136.80640646930226 36.59209049371644 2.55748291015625 0.15567293167114257 -0.001197457999998619
020970 137.2392279135131 36.4727997717422 2.668678092956543 -0.044477987289428714 -0.002004038999999125
020971 137.03394466203315 37.43225773051212 3.4470426559448244 0.0555974006652832 -0.0009468475000005583
020972 136.90877653333374 37.2264361076443 3.335847854614258 0.10007538795471191 -0.00035406510000015603
020973 136.54067799354647 36.53726572550632 2.335093307495117 0.011119508743286132 -0.0013791462000000364
020974 136.36164613623086 36.22956348892401 2.223898696899414 0.21127033233642578 -0.0010580329999996252
020975 136.04895047547345 36.10973324516462 2.1127038955688477 -0.033358430862426756 -0.0007083823999998629
020976 136.65774224416978 35.90141422820353 2.446288299560547 -0.03335857391357422 -0.0009574950000001081
020977 136.33958177726598 35.88821681529999 1.7791187286376953 0.1556729793548584 -0.0008584459999951832
020978 135.75564599742282 35.48657242851445 1.6679237365722657 0.14455342292785645 -0.0004129355999999973
020979 138.4442179590819 35.90493273632499 3.224652862548828 0.6894084930419921 -0.00032289000000673695
020980 138.94999066073044 35.75387130655189 2.891067695617676 0.1445533275604248 -0.0003122560000065278
020981 138.60687034346773 35.4676921305335 2.779873085021973 -0.011119556427001954 -0.0011987690000069052
020982 138.6242568691954 36.85668689279494 8.339619255065918 1.712401819229126 0.0006518140000025596
020983 138.0967323116128 36.70664693588402 3.8918224334716798 0.03335847854614258 -0.000562451999996938
020984 138.1209505848645 36.52360413312288 3.6694326400756836 0.07783646583557129 0.00033419499999922666
020985 138.36604729146234 36.26098776549524 3.78062744140625 0.30022635459899905 -0.00043839600000410427
020986 137.7854384637919 35.944601177426826 2.6686779022216798 0.122314453125 9.74499999983891e-05
020987 138.09570919627072 35.87841844304256 2.3350934982299805 0.26686782836914064 0.000482028999999784
020988 137.45088184073134 35.81555291156545 2.223898506164551 0.05559749603271484 -0.0008090299999821582
020989 137.6201586676155 35.66122832588443 1.8903135299682616 0.07783651351928711 -0.0009677940000074158
020990 137.08053071416006 36.14026337457 2.1127037048339843 0.011119556427001954 -0.0009062210000024606
020991 136.78462185785492 35.72348803998773 1.7791187286376953 0.20015087127685546 -0.0012838030000011714
020992 137.3090953443417 35.52312898775288 1.8903135299682616 0.0555974006652832 -0.000847580999999309
020993 136.54529278395 35.4800593495279 1.8903135299682616 0.15567293167114257 -0.0011331239999989862
020994 137.2523185459305 35.30055099240312 1.6679241180419921 0.17791175842285156 -0.0008167289999960303
020995 137.5753327866172 35.10002289856018 1.6679235458374024 0.17791190147399902 -0.00011214600000357678
021001 135.08764797409074 35.419524929558506 1.4455339431762695 0.26686787605285645 -0.0009966210000015962
021002 135.34070155271183 35.33345968542356 1.5567289352416993 0.1667923927307129 -0.0009866080000023203
021003 135.6342126531453 35.15518223177411 1.667923927307129 0.10007538795471191 -0.0005769840000027671
021014 134.19527393077686 35.529859101977046 1.5567291259765625 0.06671700477600098 -0.0015683417999994731
021015 133.49513739368675 35.50693584378659 1.4455337524414062 0.21127033233642578 -0.0006842739999996184
021016 133.86975050704615 35.493201826161204 1.3343389511108399 0.12231440544128418 -0.000427144500000054
021017 134.1559502287804 35.340591994758185 1.6679243087768554 0.06671690940856934 -0.0016619140000017295
021018 132.9219937076465 35.49191011068673 1.3343393325805664 0.03335847854614258 -0.001027445600000476
021019 133.19208980347182 35.31069259086159 1.5567289352416993 0.15567288398742676 -0.0008285599999993565
021020 132.9026950734641 35.309725131544106 1.3343391418457031 -0.022238922119140626 -0.0012040633999987449
021021 132.66901062556644 35.23307844137494 1.3343393325805664 -0.07783637046813965 -0.00047611299999914534
021022 132.38556730087626 35.03190105447412 1.5567289352416993 0.011119556427001954 -0.0009422729999982949
021026 133.6807621096118 35.28295720026293 1.5567287445068358 0.07783646583557129 -0.0002542590000018663
021027 133.91269022215823 35.105025119951854 1.3343389511108399 0.0889559268951416 -0.0008707180000016024
021030 132.9020954658385 35.03521205509824 1.22314453125 0.10007538795471191 -0.0005739040000094064
021101 136.50375862940908 35.10476182264495 1.1119495391845704 0.34470429420471194 -0.0018451679999998305
031102 138.18578566372148 35.322074808857316 2.446288299560547 0.3558237552642822 -0.0006134709999969345
031127 137.8144799979416 35.77753447745393 1.667923927307129 0.1445533275604248 -0.0005247699999927135
031128 136.7287538454856 35.405133653757936 1.5567289352416993 -0.13343381881713867 -0.0006558450999996524
041135 133.69957504097925 35.4903993517386 1.3343393325805664 0.11119494438171387 -0.0005679940999996802
041138 137.5959754042869 36.57696779049631 3.3358480453491213 -0.722766923904419 -0.0008240300000124989
051145 141.28323333909728 38.90192038828902 15.01131477355957 -3.0356216430664062 0.00030804019999948197
061150 140.89879684201972 42.557931162541976 1.1119489669799805 -0.5003771781921387 -0.0005709339999995678
071158 136.77271101237304 37.00071865963282 3.0022628784179686 -0.044477987289428714 -0.0009172694000000092
071159 141.0546884789364 39.36200200229078 13.232196426391601 -5.0927276611328125 0.0001750299999997651
071162 139.53384128622673 38.51119289986304 8.784399032592773 -1.6234458923339843 -0.0008611463999997681
071163 139.27619749155727 36.60233772085609 5.559746170043946 -0.16679234504699708 -1.0970000005272595e-05
081167 134.491499564942 35.535625161604365 1.7791187286376953 0.2557483196258545 -0.0014177700000004734
081170 135.77480939734062 35.20664928040765 1.4455339431762695 -0.12231431007385254 0.0003944939999996677
081171 139.64454750194204 35.75802890820534 4.670186996459961 -0.4336602210998535 3.054069999990361e-05
081173 141.1421797789156 41.83399424230573 1.5567289352416993 -0.3113457679748535 0.0003096877000004383
091174 140.29500307156633 40.57517687390377 4.558992004394531 -2.2127790451049805 -0.0006140859999987924
091175 140.99023298454932 40.921148943143706 2.8910682678222654 -2.3573325157165526 -0.0011106405000006702
091179 140.75474622953953 38.25774226882374 11.897856903076171 -1.8791943073272706 -0.0001682319999986248
091180 134.33046033177914 35.58670823691435 1.3343391418457031 -0.07783641815185546 -0.0008775450000001684
92106 139.08197138622228 35.00685288160474 2.779873085021973 0.06671695709228516 -0.0009723649000001444
92110 140.08719602809933 36.106113995705826 6.004526138305664 -1.5456095218658448 -0.00016797680000024684
93001 139.54230591629326 36.29516272857701 5.2261615753173825 -0.5893330574035645 7.488739999956806e-05
93002 140.17427058058905 36.263268379847176 6.004525947570801 -1.8347163200378418 0.0003724208000008389
93003 139.8105321243631 36.203671681729546 5.448550987243652 -1.1564271926879883 -0.0004810500000004936
93004 140.54448948228773 36.181305971641784 6.449305725097656 -2.001508665084839 0.0007009549000002834
93005 139.34517427686635 36.120951345476904 4.558992004394531 -0.1779118537902832 0.00040401880000047187
93006 140.3431563786194 36.09693573826512 6.22691593170166 -2.090464687347412 0.00016826240000114012
93007 139.63672853109352 36.08722735963461 5.2261615753173825 -0.5559746265411377 0.00031269730000005325
93008 139.79962950873087 36.01086709103097 5.4485515594482425 -0.8006034851074219 -1.619999999959987e-05
93009 140.65924144664694 35.955453865194826 7.0052801132202145 -2.6130807876586912 0.0008398799000005397
93010 140.40295649343463 35.970407990532514 6.33811092376709 -2.2683765411376955 0.0008313688999997737
93011 139.4642893279715 35.925504578042585 4.6701868057250975 -0.4558992385864258 4.3258400000212306e-05
93012 139.9927271684036 35.94029107236886 5.782136535644531 -1.4010560989379883 -0.00023928120000036302
93013 139.6518645419477 35.93747055876438 5.003771591186523 -0.7116475105285645 0.0003176982999995914
93014 140.14549768315914 35.87364748544713 5.559746360778808 -1.6790433406829834 0.0003501131999996687
93015 140.4070120910764 35.803328778922264 6.560500717163086 -2.0904645919799805 3.50784000005433e-05
93016 139.81281570609744 35.78021408316539 4.892576789855957 -0.7672450065612793 -0.00026985949999982497
93018 140.02475899679692 35.786465663521 5.670941352844238 -1.1675466537475585 0.0003581762000010258
93019 139.48825772837898 35.71036622671287 4.003017425537109 -0.3224653720855713 -0.00048640899999981003
93020 140.31515012696997 35.71759774861214 6.115721130371094 -1.8124773502349854 -0.00016274339999995392
93021 140.64682729886616 35.777301539164604 7.5612548828125 -2.891068124771118 0.0007882017000000018
93022 140.8372359103813 35.72635375735788 9.006789398193359 -3.6583131313323975 0.0009373877000001585
93023 139.9023578660429 35.675463438271805 4.781381988525391 -0.9340373992919921 0.0004088687999995955
93024 140.44830526480703 35.64235265701055 6.338110542297363 -1.9125527381896972 0.0004458306000003631
93025 140.18656665408307 35.54414360516398 4.670186614990234 -1.2898610591888429 -0.0003713966000006508
93026 139.67335563739866 35.56340276954262 4.003017616271973 -0.4336602210998535 -0.0005798960999996439
93027 140.31823962696726 35.530115263310734 4.892576599121094 -1.1786662578582763 -8.597610000009581e-05
93028 139.46784374051998 35.52140904030171 3.5582374572753905 -0.12231431007385254 -0.001016051000000573
93029 139.32257893149998 35.482641268509354 3.002263069152832 -0.12231435775756835 0.0001895439999998416
93030 140.05133475686358 35.447783377322594 4.003017234802246 -0.811722993850708 -0.00026464219999979834
93031 139.0451811827725 35.41535102898166 2.779873085021973 0.033358526229858396 -0.00033342099999913446
93032 139.65374976779273 35.436484271385844 3.5582374572753905 -0.3002263069152832 -0.0007393930000006322
93033 140.33737401191067 35.42112596294729 4.225407600402832 -1.0563518047332763 0.0003485971000003474
93034 139.46607046666222 35.32668151233474 2.8910682678222654 -0.2223898410797119 -0.0003519624999995585
93035 139.26269634430716 35.30489957218338 3.0022626876831056 0.2891067981719971 0.0006140939999994544
93036 139.8255217014349 35.31170215103228 3.224652862548828 -0.40030179023742674 0.0009709168000000545
93037 140.146793843629 35.333139289084265 3.558237838745117 -0.6671695709228516 0.0006057016999989173
93038 138.88165214883756 35.321603983451894 2.335093688964844 0.2223897933959961 -0.0009001150000017333
93039 139.8435700250916 35.143709365184854 2.4462881088256836 -0.1445533275604248 0.0002346391999999753
93041 140.26802349581348 35.16590051178197 3.0022632598876955 -0.7894839763641357 0.000680249000001254
93042 139.11043717265704 35.1486049897045 2.0015085220336912 -0.12231440544128418 -0.0017872939000000087
93043 138.90186003612516 35.1100160196307 2.1127038955688477 0.17791180610656737 -0.0012068812000009643
93044 140.07926931796698 35.11186069547057 2.779873085021973 -0.2779872417449951 1.7993800000226656e-05
93045 139.954343651185 35.25480799614054 3.0022628784179686 -0.42254071235656737 0.00028923499999677915
93046 138.99792773647553 35.01482751915772 1.6679235458374024 0.06671700477600098 3.923099999951774e-05
93063 139.26813445539582 35.723758077782264 3.6694326400756836 0.14455337524414064 0.0010614510000010568
93064 138.97585629223093 35.623349259379076 3.002263069152832 -0.05559749603271484 0.0004436940000005052
93065 139.15722740005225 35.610274102114644 3.335847854614258 0.37806267738342286 -0.0006763140000003887
93066 139.20486858560125 35.42851873798776 3.002263069152832 0.0 0.0004036049999967872
93067 139.66483872378979 35.26709391393883 3.0022628784179686 -0.20015082359313965 0.00015597410000012246
93068 139.04933992849536 35.24551619530799 2.8910682678222654 0.17791190147399902 -0.0006906630000003133
93069 138.44524845624963 35.44357985876606 3.1134578704833986 -0.1667924404144287 -7.383700000218596e-05
93070 138.81403849741423 35.49658938718356 2.6686782836914062 0.06671686172485351 -8.227199999737423e-05
93071 138.56343603069504 35.3620781712881 2.5574832916259767 0.12231440544128418 -0.0005312799999956042
93072 138.77067614803403 35.30553953963308 2.44628849029541 -0.13343396186828613 -0.00036431000000902714
93073 138.44570041299858 35.289461534531725 2.446288299560547 0.11119489669799805 -0.0002449450000000297
93074 138.2535147873496 35.200979051947776 1.7791187286376953 0.3669432640075684 -0.0006666800000175499
93075 138.6169889761131 35.20318348534722 2.335093307495117 0.3224652767181396 -0.0016861909999988712
93076 138.72154288204723 35.17359028907687 2.2238988876342773 0.011119461059570313 -0.00013888599999916095
93077 138.52471044723026 35.0674075927976 1.8903139114379883 0.033358430862426756 -0.0008798460999997815
93078 138.36869715761344 35.10345861665567 2.1127037048339843 0.15567288398742676 -0.0004649959999994735
93079 138.13490209922182 35.10391187238261 1.6679237365722657 0.04447793960571289 -0.0004995469999983015
93084 137.69523653138847 35.079292942857386 1.3343393325805664 0.3224652767181396 -0.0003508080000017344
940014 141.7306707832213 42.983252943800736 0.6671695709228516 -0.2891068458557129 0.00022910099999933208
940017 139.85766905507683 42.4507341492121 1.2231441497802735 -0.8562010765075684 -0.0004720513999998843
940018 140.94240633120128 42.37421431329863 1.3343389511108399 -0.522616195678711 -0.0011604169999998248
940020 139.51960181161792 42.153545190961616 0.6671697616577148 -0.7894839286804199 -0.0013202780000000302
940021 140.1073246578527 42.00807378229242 1.5567291259765625 -0.8895594596862793 -0.001024601099999245
940022 140.74782721065122 41.82607203534877 1.1119495391845704 -1.2898611068725585 1.9649399999366323e-05
940023 140.04065393320903 41.46637512279088 2.1127038955688477 -1.2676220893859864 0.0005082759999993413
940024 141.21327691463824 41.30077055783554 1.7791187286376953 -1.3788171768188477 -5.612249999984442e-05
940026 140.27298543295743 40.77898187693904 4.114212417602539 -2.1683011054992676 -0.0009016293999998482
940027 141.78910454757332 40.13344376264604 8.117229843139649 -4.180929279327392 -0.001576327600000127
940028 141.93998070850756 39.57237746066824 14.677730369567872 -3.4470426559448244 -0.001626658400000025
940029 141.20394182984197 39.11061622042102 2.335093307495117 -0.18903141021728515 0.0035842580000007727
940030 139.77615692795825 39.967899871895554 6.33811092376709 -2.379571533203125 -0.0006717597000005071
940031 140.04825157024501 39.3986930108023 9.229179000854492 -2.9689045906066895 -0.0005183982000005471
940032 139.80886344733284 38.8945999851022 9.340373992919922 -2.2572569847106934 -0.0005893295999996439
940033 140.31875196338467 38.75859121441066 12.453831672668457 -2.6797977447509767 -0.0012735910000003514
940035 140.36610316537102 38.33102445469468 12.231442070007324 -2.301735019683838 -0.000878312999998343
940037 140.95420944660202 38.31748153437293 15.789679527282715 -5.2261615753173825 -0.004312264500001106
940038 140.9081038271762 37.80066737764924 11.45307731628418 -2.3906909465789794 -0.00023710119999975632
940040 139.7915166413827 37.6436953123283 8.339619636535645 -0.5337356090545654 -0.0019376770000008037
940041 140.90253047277253 37.09071126781577 21.349425506591796 3.5359986305236815 -0.0004915990000000647
940042 140.61184536918017 36.539926923839154 6.338110733032226 -2.7576341152191164 -1.9534000000476225e-05
940043 139.72642768370116 36.401847414574796 5.448551368713379 -0.9562763214111328 -0.0003757420000013667
940044 138.906261745617 36.69703586631291 5.226161193847656 -0.13343396186828613 -0.0007570090000058371
940045 138.86540913956782 36.259032402330526 4.2254070281982425 0.08895587921142578 3.823600000032457e-05
940046 137.85112480885914 36.499766754850526 2.6686784744262697 0.06671695709228516 -0.0005299620000073446
940047 137.9438087575104 35.92358085870587 1.8903139114379883 0.38918228149414064 -0.00218274899999642
940048 138.58329977057133 35.59033578556458 2.1127037048339843 0.3558237552642822 -0.0007041880000031142
940049 139.50957910498352 38.2306878212307 8.562009620666505 -1.200905179977417 -0.0003729665999998133
940050 138.98887222212593 37.896469973015904 6.560500907897949 -0.5893332004547119 -0.0004832765999999822
940051 138.5744032942483 37.39767904905933 5.114966583251953 -0.10007543563842773 -0.00032785090000047034
940052 137.4872329573091 36.928958079732325 3.4470428466796874 -0.011119461059570313 -0.0007413819000007038
940053 136.8891680785935 37.38237533661623 3.3358480453491213 0.011119556427001954 -0.0007961536000003378
940054 136.64994174843002 36.6634122105857 2.5574832916259767 0.0 -0.00037267069999984414
940055 136.17297590458864 36.231172828229816 2.2238983154296874 0.04447793960571289 -0.001038663299999598
940056 136.1058086938946 35.60256086042601 1.6679241180419921 -0.03335838317871094 -0.0001578830000013909
940057 135.2333846631177 35.54990393754849 1.6679235458374024 -0.022238969802856445 -0.00017469509999941125
940058 137.34791201397778 36.13599315557389 2.335093688964844 -0.06671695709228516 -0.0010185610000007727
940059 137.24837437435355 35.80048395694259 1.890313720703125 0.03335847854614258 -0.0007182170000021415
940060 136.90002557700387 35.52607242990722 1.667923927307129 0.022239017486572265 -0.0007469249999999761
940061 137.46757454663026 35.396765413901264 1.667923927307129 0.1445533275604248 -0.000621169999999438
940062 136.15823268467187 35.09472774965707 1.5567289352416993 -0.07783641815185546 -0.0012146089999987453
940063 137.04128567425994 35.128109292921174 1.5567289352416993 0.07783646583557129 -0.000668856000000062
940074 133.0586545036906 35.43387480049411 1.5567291259765625 -0.122314453125 -0.0006592939000000797
940075 132.20897599550622 35.00281187241297 1.3343389511108399 -0.05559749603271484 -0.0005692010999993613
950127 140.54393819808692 42.98525208516625 1.1119491577148437 0.5559745788574219 -0.00023529209999963995
950128 141.29033250318943 42.97137784716958 1.4455339431762695 0.05559749603271484 -0.0014333100000015974
950129 140.88334123674392 42.857889220755695 0.7783643722534179 -0.42254066467285156 -0.00016747600000144303
950130 140.603518909904 42.80271730492895 1.1119495391845704 -0.41142120361328127 -0.0002590852999986737
950131 140.23320350630794 42.7864338988792 1.0007545471191406 -0.6226916313171387 -9.349670000062816e-05
950132 141.86398207993693 42.72944074301949 1.000754165649414 -0.3002263069152832 -0.00035524189999947
950135 141.07495542221687 42.66787578598246 1.4455341339111327 -0.6560501098632813 -0.00023989800000094873
950136 141.60225965727153 42.65552981859473 1.0007543563842773 -0.21127033233642578 0.0002607257000001084
950137 140.8256837719319 42.64628979664334 1.1119491577148437 -0.5226161003112793 -0.00016047799999796553
950139 141.3614805290646 42.54980017297782 1.3343391418457031 -0.3224653244018555 -0.001361709700000091
950140 140.35419751271175 42.49435957594755 1.2231443405151368 -0.4447796821594238 -0.0003414849999998637
950143 140.25048225066257 42.243676856374066 1.4455341339111327 0.03335847854614258 -0.0007046075000005203
950145 140.0039472704351 42.130847893098526 1.4455341339111327 -0.6004526138305664 -0.00026280229999997573
950146 140.5687761453977 42.098671364185094 1.4455345153808594 -0.9006789207458497 -0.00020989700000058066
950147 140.80554186143274 42.04296678898588 0.5559745788574219 -1.0897102355957031 -0.002038442599999968
950149 140.3158901191459 41.59902503163682 2.1127035140991213 -1.2009052276611327 -0.0004276920999998879
950150 140.88050746019516 41.45529582857668 1.8903135299682616 -1.378817081451416 -0.0006168122999994808
950151 140.635894864953 41.04321908124154 2.779873085021973 -1.8458357810974122 -0.0004849093000004245
950152 141.3679654182752 40.96824138728147 3.0022628784179686 -2.0015087127685547 -0.0018224714000005804
950153 141.1978349567633 40.62506585954565 3.6694326400756836 -2.99114351272583 -0.0011537090000004468
950154 139.92812140621916 40.57763985825455 4.114212226867676 -2.2572569847106934 0.0007572705000001179
950155 140.57815291854172 40.523650344218794 4.7813817977905275 -2.824351119995117 -0.0007111619999989216
950156 141.51128678961598 40.515355447297644 4.892576789855957 -3.213533401489258 -0.00021205080000044063
950157 141.0764817521872 40.2910703632544 6.671695327758789 -4.481155490875244 -0.0015829859999996643
950158 141.71314025952142 40.40519629636809 5.670941352844238 -3.458162307739258 -0.0005946485000002611
950159 141.29369315254607 40.291143161403305 5.782135963439941 -4.03637580871582 -0.0005554169999982151
950160 141.46195433946818 40.048593795453996 8.784399032592773 -4.91481580734253 -0.00111906799999133
950161 141.22507471525228 39.980568210902696 9.006789398193359 -4.859218406677246 -0.0023895009999989726
950162 141.95055505086137 39.86936436862643 11.786662483215332 -4.192048835754394 -0.003353483000000779
950163 141.16487302440925 39.8512389138435 10.3411283493042 -4.670186996459961 -0.0014063900000024887
950164 141.80386442560246 39.84916938967819 11.786662483215332 -4.759142971038818 -0.0018688880000013342
950165 140.9645139176991 39.70108554942576 12.342636680603027 -5.682060813903808 0.001046531999998024
950166 141.17211982840732 39.596564249971166 12.676221656799317 -5.404073429107666 -0.0006400299999995696
950167 141.955277882137 39.45815190790242 16.234459495544435 -3.146816349029541 -0.002122159600000373
950169 141.53416172673093 39.33805501717565 15.12251033782959 -3.7139105796813965 -0.0010103829999991375
950170 141.79806701321937 39.2535089724091 15.011314964294433 -2.7020367622375487 -0.0017998865999999225
950171 141.73987544810936 39.02377144616158 12.67622127532959 -2.1905400276184084 0.0009344830000003413
950172 141.5726183614621 38.902849825364406 13.232196235656739 -2.2461376190185547 0.0011211392999996405
950173 140.99060460895893 38.81533468105938 14.010560607910156 -3.2802502632141115 -7.631100000082824e-05
950174 140.80165584825912 38.74893115325305 13.454586029052734 -3.091218948364258 -0.0012119880000000193
950176 141.14756755736994 38.53947315936675 13.009806632995605 -2.935546064376831 0.0016211898999998198
950177 140.85137572396047 38.41175556898611 13.121001434326171 -3.346967267990112 -0.000507736699999839
950179 140.8440107439505 38.029655165603145 12.898611259460449 -2.4240493297576906 -0.0004710173999995959
950180 140.44259155579186 37.98992863318382 11.67546730041504 -0.7561254978179932 -0.0015826749999973799
950181 140.5773558213432 40.32504320170101 5.448551368713379 -3.068980026245117 -0.000530577999998627
950182 140.2636676829982 40.271152695766354 5.670940780639649 -2.6797977447509767 -0.00010944770000094195
950183 140.78734192142412 40.21543515123751 6.115721130371094 -4.091973400115966 -0.00031526699999915306
950184 140.04794297929985 40.24469079996372 5.559746170043946 -2.3795714378356934 -0.0008918507000004183
950185 140.40199614355495 40.006873530793385 7.227670097351075 -3.2024139404296874 -0.001025770999999054
950186 140.13238459964512 39.93605110134798 7.1164751052856445 -2.768753719329834 -0.0004958170000001871
950187 140.5970557120531 39.74915741660001 9.006789016723634 -3.4804012298583986 -0.0020518089999995936
950188 140.23422315178132 39.65830514123496 8.89559383392334 -3.10233850479126 -0.0003367736000001287
950189 140.38663614056765 39.54928766724174 9.673958587646485 -3.947419834136963 -0.001322704700000088
950190 140.55979182592034 39.32699651527577 11.119492721557616 -3.7806275367736815 -0.001009997999999257
950191 139.90772752720585 39.20605890178172 9.006789398193359 -2.5463638305664062 -0.0006776367000000505
950192 140.16199355820132 39.16420750174619 9.1179838180542 -3.224652862548828 -0.0015778379999972004
950193 140.6296026229094 39.05189632700943 11.786662292480468 -3.747269058227539 -0.0017759159999968688
950194 139.54766980884446 39.18555969958539 7.6724498748779295 -1.9459112167358399 -0.0014169080000002055
950195 139.95738561015523 38.75971775907499 10.118737983703614 -2.3239739418029783 -0.002063193300000421
950196 139.83177968812876 38.59403439695254 8.895594215393066 -1.7346408367156982 -0.0012839819999982184
950197 139.74226171891615 38.14617385411149 9.22917881011963 -1.045232343673706 -0.0018916939999996884
950198 140.09353982447777 37.96360567620813 10.3411283493042 -1.3121001720428467 -0.0012560099999973317
950199 140.07758749707656 38.19754171137486 10.674712944030762 -1.145307731628418 -0.0018526650000012523
950200 140.46650329550428 37.68330650596814 11.008297538757324 -1.1341882228851319 -0.0003082030000001623
950202 140.07269249008192 37.56694676366761 9.22917881011963 -0.26686787605285645 -0.0014025289999949563
950204 139.52863732117976 37.47346177012271 7.7836448669433596 -0.6782889366149902 -0.0003065090000006876
950205 140.66212745299632 37.32546688015574 10.22993335723877 0.5114966869354248 0.00033357300000034227
950206 139.36435537477524 37.302798348227945 6.894085121154785 -0.5782135963439942 -0.0003802099999973052
950207 139.5037775093879 37.28148883908193 6.894085502624511 -0.25574827194213867 -0.0012042530000030637
950209 139.87143624629866 37.26107173684258 7.450060081481934 -0.6115721225738525 -0.00045217100000627397
950210 140.2599389336187 37.12629344175414 7.005280303955078 -0.567094087600708 -0.00047113900000113064
950211 140.56165390751113 37.08929409784564 9.00678882598877 -1.7235213756561278 -0.0026746209999998884
950212 140.41327955131777 36.86209149374503 0.8895593643188476 -4.49227499961853 -6.656799999973372e-05
950213 140.29343183556006 36.65056602881485 5.003771591186523 -2.5018857955932616 4.413999999997032e-06
950214 140.75392443158213 36.80030740232447 7.783644676208496 -6.9719218730926515 -0.00037758069999966893
950215 140.077953178638 36.36491161647603 5.670941352844238 -1.9347917079925536 -0.00037415799999962474
950216 140.47634036688592 36.3443684746604 6.004525947570801 -1.890313720703125 0.0008160344999993185
950217 140.03926424846745 36.854234254458824 5.559746551513672 -1.2565027236938477 -0.00010139699999740514
950218 139.6192540795002 36.66598350387776 5.8933309555053714 -0.633811092376709 -0.0004528010000001359
950219 139.92347344459384 36.598945655346206 5.670940971374511 -1.4121755599975585 -0.0010145249999993667
950220 139.22490981851206 36.76969227688013 5.782136154174805 -0.22238988876342775 -0.0011964170000055673
950221 138.55271743342803 36.50799581982233 3.8918224334716798 0.011119461059570313 -0.0003497599999946033
950222 139.33039176035837 36.42162815933478 5.4485515594482425 -0.5003771305084228 -0.00046557199999881506
950223 139.07568848454775 35.986891290337084 4.336602210998535 -0.1667924404144287 -0.0001918240000009064
950224 139.79599062458155 35.89596961275223 5.114966773986817 -0.7116476058959961 -0.0003287266999997485
950225 140.04809617243993 35.657205626153434 5.11496639251709 -1.0229933261871338 0.00010487440000019887
950226 140.3849096721726 35.24324292635125 3.6694326400756836 -1.2120247840881349 0.001238856100000163
950227 139.97489011950745 35.00279149145848 2.223898506164551 -0.18903131484985353 -3.562749999943549e-05
950228 139.630652687429 35.663697144731394 4.114212417602539 -0.4892578125 0.0004631603999996514
950229 139.1626028523705 35.33620843968519 2.5574832916259767 0.20015082359313965 -0.0008972559999989472
950230 139.14241623213923 35.2685998955399 2.335093307495117 0.18903136253356934 -0.001297079100000076
950231 139.25335768742096 38.46539038791055 8.006034660339356 -1.3676976203918456 -0.000646500099999514
950232 138.5130931758112 38.31934560966262 5.8933309555053714 -0.9117983818054199 -0.0003591567999990275
950233 138.47168736674203 38.063279185406046 5.893330764770508 -0.6004526138305664 -0.00015501820000025647
950234 139.3514683858729 37.92938298574849 7.894840240478516 -0.8895593643188476 -0.0009966532999996502
950235 138.2730735052703 37.81590161177839 5.003771781921387 -0.4114212989807129 -0.0005003731999998706
950236 139.4778969040596 37.685905461948714 7.561255264282226 -0.8117229461669921 -0.0011880120000000716
950237 138.78051213138116 37.6675231856746 6.004525947570801 -0.5448551654815674 -0.0007883941999992317
950238 139.0591275110323 37.662294808843015 6.449305725097656 -0.5559746742248535 -0.0006771522000001085
950239 138.99801686517245 37.46771785243277 6.22691593170166 -0.3669432163238525 -0.0009836019999994506
950240 138.7899890071748 37.31131469042259 5.337356376647949 -0.33358473777770997 0.002616810000000669
950241 138.3335757950761 37.23112202483565 4.892576789855957 -0.3335847854614258 1.1509100001205753e-05
950242 138.93372714421028 37.16603519861939 5.559746360778808 -0.34470419883728026 0.00030236900000204516
950243 138.1001951692734 37.16079064978143 4.114212417602539 -0.23350925445556642 -0.000625838000001977
950245 137.87385041911043 37.04517344536396 3.669432830810547 -0.022239017486572265 -0.0006965684000000749
950246 138.83085086287332 36.993459620333525 5.2261615753173825 0.18903141021728515 -9.963800000036826e-05
950247 138.1986785258615 36.86540421333993 4.670186996459961 0.10007543563842773 -0.0001707580000015696
950248 136.99612815660876 36.74062097661281 2.8910680770874024 -0.033358430862426756 -0.0006975981999993053
950249 137.19519856176623 36.634336811080416 2.8910680770874024 0.022239017486572265 -0.0011085624000003237
950250 137.4398983000897 36.57870573058063 3.0022632598876955 0.0 -0.0011310509999930217
950251 136.9205601250675 36.40187924826263 2.4462881088256836 0.08895597457885743 -0.0005157650000001013
950252 136.91927182544012 37.85049537790637 3.558237648010254 -0.21127033233642578 -0.0010252700999998864
950253 137.27005235567412 37.44602714118657 3.5582374572753905 -0.07783651351928711 -0.000593186999999773
950255 136.38894404426628 36.39445632555467 2.223898696899414 -0.13343396186828613 -0.0010174259999999435
950256 136.63394876333555 36.1652892784155 2.335093307495117 0.022239017486572265 -0.0005900099999962549
950257 136.2789464461584 36.14561944231323 2.0015085220336912 0.11119489669799805 -0.0007946121999999889
950258 136.50492503563723 35.98490818006933 2.0015087127685547 -0.18903145790100098 -0.0011638729999987163
950259 135.98976450941615 35.945004871078794 1.890313720703125 0.04447793960571289 -0.001138578000001189
950260 136.1973950605629 35.79278225219157 2.0015087127685547 -0.011119508743286132 -0.000527543999999125
950261 135.90764053666385 35.53440951203199 1.5567289352416993 -0.011119508743286132 -0.0008096011999995766
950262 135.60888074115033 35.4627149754061 1.7791187286376953 -0.011119508743286132 -0.0008825663999999733
950263 138.31639795566736 35.855979039488886 2.223898506164551 0.0 -0.0014248239999915314
950264 138.6951338942012 35.74687551750884 2.779873085021973 0.25574827194213867 -0.0003707729999973708
950265 138.43616985658795 36.801709050474734 3.66943244934082 -0.6004525661468506 -0.00023882599999751618
950266 137.8723348958679 36.70646871786129 2.0015087127685547 -0.04447793960571289 0.001812008000001697
950267 138.24747069916825 36.66515541578409 3.558237648010254 -0.0555974006652832 -0.0008168590000025233
950268 138.3225267158031 36.38617691303439 3.447043037414551 -0.033358430862426756 8.090799999536103e-05
950269 138.63779985496168 36.34601410513667 3.78062744140625 0.1445533275604248 -0.0005195649999905072
950270 137.90281801151121 36.32237163791694 2.779873085021973 0.011119461059570313 0.0002602000000024418
950271 138.21648811097293 36.208467721750516 3.224652862548828 -0.0555974006652832 -0.0007833020000020952
950272 138.46097569875224 36.130639962057494 2.891067886352539 0.18903131484985353 -0.0011951790000011898
950273 137.98301349825542 36.121109591706364 2.6686784744262697 -0.04447793960571289 0.00039198000000624235
950274 137.69626143351803 35.78361812361011 2.44628849029541 0.1667923927307129 -0.0011547619999987546
950275 138.03831879085948 35.556130000171706 2.3350934982299805 0.055597448348999025 -0.0010616209999966485
950276 137.81523878348085 35.521092268544116 1.667923927307129 -0.022238922119140626 -0.00014065499999560416
950277 137.92527307649084 35.31714439146455 1.779119110107422 0.0 -0.0005717470000035973
950278 137.58766951138614 35.24699947009466 1.667923927307129 0.033358526229858396 -0.0005808999999999287
950279 137.1471741393926 36.33551078120468 2.5574832916259767 -0.022238922119140626 -0.0007343259999970542
950280 136.95276435245322 36.03304870829902 2.223898696899414 0.1445533275604248 -0.001414577000002737
950281 137.53486873903233 35.97345841212598 2.335093307495117 0.0 -0.0010331800000130897
950282 136.86318265173347 35.86694139363948 1.8903135299682616 0.022238969802856445 -0.0010584470000026159
950283 136.9753031516508 35.75778320012562 2.0015087127685547 -0.06671695709228516 -0.0006007580000016333
950284 137.42477414538004 35.6571894886661 2.0015087127685547 -0.10007538795471191 -0.0010089410000091448
950285 136.4887689023535 35.63615338822653 1.5567289352416993 0.1779118537902832 -0.0009652720000019599
950286 136.61139549394855 35.63289784793719 1.6679241180419921 0.022238969802856445 -0.0011189190000010286
950287 137.17414606411214 35.61208667994856 1.779119110107422 -0.04447793960571289 -0.0010691559999997935
950288 136.68728360653225 35.48832464000227 1.667923927307129 0.17791194915771485 -0.0011277929000002018
950289 137.12468863125957 35.47870073348051 1.779119110107422 0.04447803497314453 -0.0011734009999997852
950291 136.5497440244622 35.371709802993664 1.7791189193725585 -0.13343386650085448 -0.0006955413999996552
950292 137.11023274457423 35.367372495636495 1.667923927307129 0.033358430862426756 -0.001262467000000811
950293 137.40560748465398 35.26196731642052 1.779119110107422 0.05559749603271484 -0.0006150609999963308
950294 136.59344589742452 35.227905840598204 2.335093307495117 -0.15567288398742676 -0.00044896720000053847
950295 137.98041640867663 35.03151837412024 1.1119491577148437 0.42254066467285156 -0.00031515300000251045
950298 136.92997982648646 35.33476088411897 1.667923927307129 0.055597448348999025 -0.0005981997000006345
950299 136.8288334708079 35.19010686269426 1.4455339431762695 0.011119508743286132 -0.0013778551000001471
950300 137.2535636017115 35.13875295347759 1.779119110107422 0.0 -0.0003862429999998085
950301 137.31316496067254 35.03946515568572 1.5567291259765625 0.11119489669799805 -0.0006351789999996527
950317 136.19794673906662 35.557331504034266 1.5567289352416993 0.08895587921142578 -0.0007176520000001574
950318 136.05366712694826 35.466286795730724 1.111949348449707 0.07783651351928711 -0.0015048239999998713
950319 135.91320876801308 35.35125491125289 1.6679243087768554 -0.10007538795471191 -0.0009533629999992854
950320 136.06282851133946 35.31897490008734 2.0015087127685547 -0.04447803497314453 -0.0008640079999992168
950321 136.23561445826564 35.26944124876753 1.5567287445068358 -0.07783637046813965 -0.0010690000000010969
950322 135.87080919934237 35.137040124424495 1.3343385696411132 0.14455337524414064 -0.0006564750000023877
950327 135.1732162542599 35.75235304991239 1.667923927307129 -0.022239017486572265 -0.0012553651000004606
950328 134.93228682259672 35.55568158523972 1.5567289352416993 0.122314453125 -0.001120645800000375
950329 135.1640355032179 35.29233641169722 1.4455341339111327 -0.022238922119140626 -0.0006498240000013311
950331 135.36690575904066 35.16378699932573 1.4455337524414062 0.07783641815185546 -0.000831098999998403
950332 135.56452306929557 35.07758200803427 1.3343391418457031 0.13343396186828613 -0.0007535410000002685
950341 134.58249464574297 35.43674684534844 1.5567291259765625 -0.05559749603271484 -0.0013357980000023417
950342 134.81850326171005 35.31489832239549 1.5567291259765625 -0.022238922119140626 -0.0006729549999988649
950343 135.18189883040884 35.10528516461546 1.4455339431762695 -0.03335847854614258 -0.0008628869999995458
950344 134.5859601688557 35.094454171986506 1.4455345153808594 0.06671700477600098 -0.0007465190000004896
950345 134.97258910703349 35.09078461796906 1.667923927307129 -0.14455337524414064 -0.0008949889999996686
950378 134.0466707898637 35.45675479705739 1.6679241180419921 -0.13343391418457032 -0.0010120679999999992
950379 133.4390724195987 35.34553550297089 1.3343389511108399 0.044477987289428714 -0.0008229020000001697
950380 134.23736794694557 35.26586268531271 1.3343389511108399 -0.1779118537902832 -0.0008144690000023048
950381 133.30853272719514 35.16457472371537 1.5567289352416993 -0.08895597457885743 -0.0009353599999997186
950382 133.23988078244358 36.28529009673298 1.779119110107422 0.13343396186828613 -0.001714740299999562
950383 132.9843792755408 36.09320958355832 1.5567291259765625 -0.055597448348999025 -0.0009044067999994354
950384 132.7432146558393 35.39261485250961 1.4455337524414062 -0.033358430862426756 -0.0008653029000001311
950385 132.99542376581482 35.19561314670633 1.3343393325805664 0.022238922119140626 -0.0011620730000004187
950386 132.50732220247843 35.18595412294454 1.3343393325805664 -0.3335847854614258 -0.0018225200999992808
950387 132.72050602546025 35.01977308117602 1.2231443405151368 -0.07783641815185546 -0.000680419999997639
950389 133.79247734025904 35.26353853634875 1.2231441497802735 -0.2001509666442871 -0.0008883579999974245
950390 134.3196405958369 35.09964123335765 1.3343393325805664 -0.0889559268951416 -0.0007956740000054196
950391 134.23477038051456 35.020881496974134 1.4455341339111327 -0.033358430862426756 -0.0007463490000020556
950392 133.7345024698851 35.00296134338322 1.2231441497802735 0.05559759140014649 -0.0014691809999987982
95105 139.17103514883752 35.040627876360354 1.779118537902832 0.122314453125 -0.000628395800001158
960522 141.5774164214567 42.884431040246234 1.1119491577148437 -0.3002263069152832 -0.0006810315999999262
960523 141.4070931098171 42.7731892530206 1.2231441497802735 -0.26686782836914064 -0.0003656190000015158
960525 140.76762324077006 42.551378986066865 1.3343389511108399 -0.47813825607299804 -0.00040247470000025486
960526 140.87637246316106 42.47390122414542 0.889559555053711 -0.633811092376709 -0.0008342259000002628
960527 139.44615065742755 42.060503880521146 1.7791187286376953 -0.7894841194152832 -0.0006435459999998728
960528 140.66686876572243 42.123142410259995 1.3343387603759767 -1.145307731628418 -0.001081186700000103
960529 140.71543714807126 41.976685806976384 1.8903135299682616 -0.45589914321899416 -0.0007246240000000626
960530 140.07123096226886 41.80302607013365 1.6679237365722657 -1.1008296966552735 7.45234999996569e-05
960533 141.44758892041355 41.40470451571616 2.44628849029541 -0.9340373992919921 -0.0002760211000008894
960534 140.49076933425985 41.18507638347408 1.7791189193725585 -2.346212959289551 -0.0006801809000002379
960535 140.82198753131834 41.145543936708165 2.5574834823608397 -1.812477207183838 -0.0004993294999998454
960537 141.13181033758102 40.86235775811385 2.8910682678222654 -2.757634162902832 0.0005838948000004507
960538 140.58922914798538 40.7062724252185 3.5582374572753905 -2.74651460647583 -0.00010609979999998131
960539 141.37621427790393 40.676394562812064 3.66943244934082 -3.1690555572509767 -0.000872033800000338
960540 140.4785321923632 40.62434200672769 4.89257698059082 -2.2350180625915526 0.0010596989999996254
960541 140.80335195083794 40.64356294488932 3.891822624206543 -2.8354704856872557 9.938800000099945e-05
960542 140.45156849130643 40.91017441633469 3.002263069152832 -2.0904645919799805 9.016209999970214e-05
960543 141.06634030172455 39.953073353044 8.895594215393066 -5.037130069732666 -0.00025537500000041293
960544 140.7691995090622 39.35129322006522 11.564272499084472 -4.670186996459961 -0.0019508260000009158
960546 141.57550391237885 39.14308296075865 14.788924980163575 -2.98002405166626 2.2700000101849582e-07
960547 141.6753050642635 39.59611625561332 14.677730178833007 -4.725784492492676 -0.0006311799999991763
960548 140.84787999835015 38.54621509750521 13.232196235656739 -2.8910680294036863 -0.0003264484999988326
960549 141.21293969866454 38.425050124420046 10.785907745361328 -2.8799485683441164 0.0017788578000001109
960551 139.84894288652487 39.89113095510534 6.338110542297363 -2.346212959289551 -0.001306859100000679
960552 140.04473202664258 39.82580486584776 7.227669715881348 -2.7909927368164062 -0.00023691829999989978
960553 140.7328618480583 39.702675051902034 10.11873836517334 -4.047495269775391 -0.0021810169999980644
960554 140.50670563416432 39.1990911271406 11.564272499084472 -3.869583511352539 -0.001337214000000131
960555 139.92750763846544 39.01596847517954 9.562763595581055 -2.301735019683838 -0.0014328465999994932
960556 140.36517035381573 38.496765841084226 12.565026473999023 -2.3239739418029783 -0.0007743940000011662
960557 140.27115462330735 38.14809415509824 11.230687141418457 -1.6345654010772706 -0.0010386780000004592
960559 140.20566625368713 37.61595187241082 9.673958587646485 -0.4892576217651367 0.00014769200000728234
960560 140.37291436260386 37.62072862335969 12.231441879272461 -0.6004526615142822 -0.002402638000000934
960561 140.13588922984493 37.42450663325628 8.673204612731933 -0.4781381607055664 -0.0005377280000061546
960563 139.5861691689695 37.09724869796318 7.005280303955078 -0.5003771781921387 -0.0010762819999968088
960564 139.46169569524668 38.056182112609946 8.339619255065918 -0.8895593643188476 -0.0017153480000004606
960565 138.36988819678905 38.02368674703896 5.448550987243652 -0.5003771305084228 -0.00025158290000035775
960566 138.70694453003614 37.53583135067337 5.782135963439941 -0.3335847854614258 0.00026641519999941464
960567 138.51637459184425 37.348538942302596 5.2261615753173825 -0.20015087127685546 -0.0004561498000001052
960568 139.02025961171597 37.31987028119914 6.338110542297363 -0.2779873847961426 -0.00036149399999771956
960569 138.24259069919233 37.056681438719565 4.670186996459961 -0.11119494438171387 -0.0006362086999999406
960570 137.89387489828025 36.950871481933454 4.225407218933105 0.011119508743286132 -0.0006015360000020565
960571 139.07391735558284 37.75206347040536 6.671695518493652 -0.5003771781921387 -0.0007282431999996675
960572 137.36951786544032 36.73695825380793 3.1134580612182616 0.03335847854614258 -0.0006597338000005948
960573 137.03190069634027 36.649561909599974 2.891067695617676 -0.10007538795471191 -0.0004325983000001088
960574 137.13854694403742 37.306969825241254 3.5582374572753905 -0.06671690940856934 -0.000662581000000273
960575 136.71876300934082 37.15674439994335 3.0022632598876955 -0.05559749603271484 -0.000803079099999593
960576 136.99607129160157 37.12315622580128 3.1134578704833986 -0.5893331050872803 -0.00032258820000095054
960577 136.7556534065873 36.817478612708506 2.8910680770874024 -0.011119461059570313 -0.0006647871999994947
960578 136.60533561208757 36.370068966303144 2.335093688964844 0.06671695709228516 -0.0008566459999997278
960579 136.18499348917717 35.96888721886886 2.112703323364258 -0.03335857391357422 -0.0007167560999995715
960580 136.0559840924173 35.83684116254202 1.890313720703125 0.022239017486572265 -0.0009471476000001644
960581 140.4976077983459 36.7430253236427 3.558237648010254 -4.8480987548828125 0.00027461500000072194
960582 139.98777226958967 36.30070471171336 5.670941352844238 -1.556728982925415 0.0004944843999993509
960583 139.93150422537659 36.11481326541726 5.782135963439941 -1.2787415981292725 -0.0005023956999991696
960584 140.20244939689692 36.031338983745385 5.893331146240234 -1.856955337524414 0.0003040400999992698
960585 140.16476727903202 36.95230601104468 5.337356185913086 -1.0897103309631349 -0.0009036099999946146
960586 139.80575668973253 36.97958136893625 6.560500526428223 -0.6226915836334228 -0.0010304379999979574
960587 139.8542649254364 36.776371356424164 5.893331146240234 -0.8673203945159912 0.00036763800000017
960588 140.15769841951143 36.6924546873787 5.3373565673828125 -1.957030725479126 -0.0003960239999997839
960589 139.4905967803173 36.624174241841246 5.893331146240234 -0.6894085884094239 -0.0004898499999853812
960590 140.1793159808924 36.54221509871234 5.226161003112793 -1.6012069702148437 0.0011885439999986148
960591 138.59144967410907 36.61631796885896 4.447796630859375 0.3224652767181396 -0.0005857499999819993
960592 139.06664539820088 36.23467072459316 4.336602210998535 -0.3335848331451416 -9.379300000205149e-05
960593 138.91242222388644 36.14275368901575 4.003017234802246 0.03335857391357422 -0.0006326380000018616
960606 138.69038298223808 35.64951852051968 3.0022632598876955 0.0889559268951416 -0.000643035999996755
960607 139.02577795251207 35.5118682016102 3.0022628784179686 -0.05559749603271484 -0.000481938000007176
960608 137.98455266494668 36.23902972983557 3.4470428466796874 -0.06671695709228516 0.000904923999996754
960609 137.87175225621533 36.22836934831768 2.8910680770874024 0.2557483196258545 -0.0009692859999972825
960610 138.4992838953744 36.28471375376022 3.6694326400756836 0.3224652767181396 -0.0004334910000011405
960611 137.68262882737875 36.084663547503894 1.7791183471679688 -0.20015087127685546 -0.0005487900000161972
960612 138.21448619390753 36.02616327443318 2.44628849029541 0.2891068935394287 -0.0008720700000139914
960613 138.5830292681076 35.97414749533707 3.224652862548828 0.13343396186828613 -0.0002527699999973265
960614 137.59827532348226 35.880003175789994 2.0015087127685547 0.07783637046813965 -0.0012091299999951843
960615 137.98389075545853 35.72629333001491 3.224652862548828 -0.1667924404144287 0.00020427000000609042
960616 137.67639847921754 35.34373426261913 1.8903135299682616 0.033358430862426756 -0.0005771299999878466
960617 136.90427190333006 36.26146817309701 2.112703323364258 0.1445533275604248 -0.00035441899999568707
960618 137.36302196658588 36.285642757672214 2.335093307495117 -0.06671695709228516 -0.0011380959999996777
960619 137.20067042194162 35.91163470375108 2.112703323364258 0.06671700477600098 -0.0010539810000011584
960621 138.92835610490692 35.204394830678105 1.8903135299682616 -0.011119508743286132 -0.0008230790000027354
960626 138.9068945447798 35.04724339474095 2.0015085220336912 -0.12231435775756835 -0.001290401600000024
960627 140.08631298402 36.10363478067774 6.004525947570801 -1.5233705043792725 -3.121769999978596e-05
960629 137.07356656745603 35.23908659391478 1.7791189193725585 0.2223897933959961 -0.0012124240000019881
960630 136.96580217969807 35.16842178731845 1.5567289352416993 0.10007538795471191 -0.0009987308999996002
960633 136.69425147607242 35.050911415205874 1.4455337524414062 0.06671700477600098 -0.0009716351000001566
960638 136.26474738756653 35.42035693575675 1.6679241180419921 0.044477987289428714 -0.0014882180000000745
960639 136.04120008556532 35.0857237540077 1.3343389511108399 -0.1667923927307129 -0.001310785999999098
960640 135.03404906412968 35.68507800262674 1.5567291259765625 0.06671690940856934 -0.0006686537000000214
960641 135.41583176156533 35.48221431706421 1.5567287445068358 -0.10007548332214355 -0.0008705384999998956
960642 135.54952356428527 35.27585962303053 1.4455339431762695 0.011119461059570313 -0.000775867999999491
960643 135.7733036372818 35.05313674987733 1.3343393325805664 -0.0889559268951416 -0.00025245400000102337
960645 134.67737970255413 35.62120155011682 1.5567291259765625 -0.12231440544128418 -0.0006127890999991336
960646 134.72871256251705 35.461262113225004 1.3343391418457031 -0.2779872417449951 -0.0005364470000003507
960647 135.02203518444662 35.23788007451829 1.5567287445068358 0.14455342292785645 -0.0003634040000008554
960648 134.77122250766683 35.162743264048515 1.4455337524414062 0.10007538795471191 7.112699999538563e-05
960654 133.3396867695343 35.43601028761652 1.4455341339111327 -0.04447793960571289 -0.0018470831000001909
960655 134.32528022349697 35.361442567481745 1.4455337524414062 -0.022238922119140626 -0.0010500409999991689
960656 133.13788892654614 35.56353463932204 1.5567291259765625 0.21127033233642578 -0.001200188400000002
960660 133.56399130757333 35.16966158724749 1.1119491577148437 -0.14455337524414064 -0.0011893630000031409
960752 139.05673981172143 36.53925917412097 5.114966773986817 -0.3335847854614258 -0.000209970000003068
960753 139.26933186564477 36.00373547240954 4.447797203063965 -0.10007538795471191 -0.000585171000000173
960754 139.18220099934842 35.88404864628805 4.225407218933105 -0.13343391418457032 -0.00071324900000036
960755 139.36597292816626 35.80080221218034 4.003017425537109 -0.2779872894287109 -0.00010373700000059216
960756 140.24916240998732 35.28838329539405 3.2246532440185547 -0.8895593643188476 0.0006951274000002172
960758 139.36989965441882 35.61642830726937 3.891822624206543 -0.06671700477600098 -0.0005611789999989015
960759 139.6138441097783 35.160866862492924 2.335093307495117 0.011119556427001954 -8.53072999987603e-05
970792 141.08105849181194 42.420546604415506 0.3335845947265625 -0.5782135009765625 -0.0014090778999999998
970794 140.37123575585838 41.93485172704398 2.0015087127685547 -1.1341882705688477 -8.180000008906063e-07
970795 141.45260421683423 39.849010390643244 11.341882514953614 -5.1594446182250975 -0.0011650580000036825
970796 140.98847595869182 39.12700021817663 13.788170623779298 -4.369960689544678 -0.0001535789999991266
970797 140.64565837417388 37.984404586712586 12.120247077941894 -1.4344146251678467 -0.0012205219999998462
970798 140.82291647829337 40.044970304534154 7.005280303955078 -4.67018690109253 -0.002136052000003019
970799 140.0946472957234 38.43433964408584 11.564272499084472 -1.8347163200378418 -0.0005816409999965799
970800 140.84166353387417 37.01844635489194 40.586148262023926 12.576146173477174 0.005213573100000701
970801 139.4022408768104 37.036934467190434 6.338110733032226 -0.8006034374237061 -0.001306979000003139
970802 138.94482297319212 36.77806112697538 4.89257698059082 0.11119494438171387 -0.001266425000005711
970803 140.19993289799518 38.288979597319106 11.564272499084472 -1.7346408367156982 -0.002584116000002723
970804 139.52192543910172 35.419268708777615 3.4470426559448244 -0.1445533275604248 -0.00015570770000010724
970805 139.22603795284886 37.828158754107754 7.338865280151367 -0.6115721225738525 -0.00033942869999989964
970806 138.8804488656026 37.77698969485113 6.115721130371094 -0.5226161479949951 -0.0004901767999996309
970807 138.7795470433012 37.49865604315927 5.337356376647949 -0.17791180610656737 -0.0001969020000004207
970809 138.45682125730488 35.67369350088284 2.891067886352539 -0.2223898410797119 -0.0006199680000008812
970810 138.92028608424593 37.58973635614726 6.338110542297363 -0.4892576694488525 2.622140000028139e-05
970811 137.52878190022662 35.57509245545817 2.2238983154296874 -0.022238922119140626 -0.00035132699999849135
970812 136.47030642486834 35.359730954525986 1.7791189193725585 0.1779118537902832 -4.315799999972114e-05
970813 138.97386891933155 35.11416698962728 2.1127035140991213 0.1779118537902832 -0.0007552649999979621
970815 138.60997503009477 35.11715276417185 2.335093307495117 0.15567283630371093 0.00024605380000011225
970817 138.2099847476874 35.06697438884411 2.2238983154296874 0.122314453125 0.0005974089999995158
970818 138.08168518738697 35.04488392567531 1.7791187286376953 0.05559749603271484 -0.00020184399999720882
970822 136.78882515428415 35.30083743492725 1.779119110107422 -0.055597352981567386 -0.001108046199999535
970823 134.58821060926005 35.28334325001636 1.3343389511108399 -0.11119494438171387 -0.00045131099999480285
