000843 134.04954669711648 35.174887007614544 1.000754165649414 0.7894839763641357 -0.000773943000001509
010844 140.81054264588744 40.83440299266197 2.6686779022216798 -1.0452322959899902 -0.002233501599999954
010845 140.32440608399125 37.36182224068101 7.561255073547363 0.055597448348999025 -0.002671863000000485
020847 137.86876359234756 35.160451182707114 1.6679241180419921 0.9673957824707031 -0.0011565459999985706
020888 140.01177806424934 42.68533493428772 1.2231441497802735 0.5226161003112793 -2.375100000051589e-06
020892 140.92933456661015 41.74058994678514 1.4455337524414062 -0.2779872894287109 -2.9727400000467697e-05
020893 140.53502856530255 41.711322961702635 1.111949348449707 -0.06671695709228516 -0.0010356750999996223
020894 141.09446916897068 41.46615755880059 1.3343387603759767 -0.21127042770385743 -0.0009114718000006406
020895 140.9838166604259 41.1996606883443 2.223898506164551 -0.5226161003112793 -0.00026572120000025736
020896 141.38569568798167 41.16093098675579 1.779119110107422 -0.5893332481384277 -0.0013994672999999124
020897 140.2935326695265 41.12172020619298 2.2238983154296874 -0.2891068458557129 -0.0017589920000006033
020898 140.01100015308137 40.73062983076556 3.0022632598876955 -0.7894839286804199 -0.00123792999999921
020901 141.33200066746113 40.50875371270484 3.8918224334716798 -1.8791942596435547 -0.0017516299999982721
020902 140.941597776802 40.44762753820635 4.225407600402832 -2.3350934028625487 -0.000809182000000419
020903 141.48487258904467 40.271036318254545 5.448550987243652 -2.779873180389404 -0.00021538000000305147
020904 141.0464660298588 40.10673961584258 6.226915740966797 -3.3024892807006836 -0.0008878710000033152
020905 141.66219077264347 39.97094932499905 8.673204231262208 -3.0356215476989745 -0.00274050099999954
020907 141.42614790728115 39.63935935269238 11.675467109680175 -3.3692062377929686 -0.00242743999999675
020908 140.836336163078 39.55444785697545 9.673958587646485 -3.458162212371826 -0.0009113099999979113
020909 141.29302353560774 39.4646829818207 11.008297538757324 -3.002263069152832 -0.0019014890000022433
020910 141.31169991542856 39.23536375504552 12.120247077941894 -2.3239739418029783 -0.001467893000000231
020911 141.40088691687677 39.01209543697207 12.676221656799317 -1.7902382850646972 -0.0006552849999991395
020912 141.14855297797922 38.9954528943302 11.341882705688477 -1.8458357810974122 -0.001717741999999589
020913 140.83321097745167 38.93402150788125 10.45232334136963 -2.3128544807434084 -0.001544324000008146
020914 141.31790036285625 38.74320849098058 11.897857093811036 -1.71240177154541 -0.0001879469000002132
020915 141.00436605264827 38.68612563675114 11.119492721557616 -1.901433277130127 -0.0019246229999993147
020916 141.1607545217336 38.66061947757262 11.786662101745605 -1.7791189193725585 -0.00038980069999965393
020917 140.72774933355765 38.57180434939306 10.341127967834472 -1.5233705043792725 -0.0017445850000001428
020918 141.30443631064907 38.509832591649946 11.23068790435791 -2.0571061611175536 0.00017011970000027076
020920 140.7276895615747 37.824596391646836 9.562763786315918 -0.7338865280151368 -0.0010553740000034395
020921 140.02757345303453 40.3393920822745 4.1142120361328125 -1.0674713134765625 -0.0013031951000002095
020922 140.40816140262243 40.18331152003463 5.114966583251953 -1.6234458923339843 -0.0016917691000003288
020923 140.00550499634315 40.09969507577815 5.003771591186523 -1.300980567932129 -0.0012940709999995192
020924 140.53586783486497 39.92138516833659 6.44930591583252 -2.0904645919799805 -0.0021919099999990975
020925 140.05394036233525 39.527559355746035 7.338865280151367 -1.512251091003418 -0.0018190817000004245
020926 140.59610483033467 39.508130205804264 8.56200942993164 -2.3239739418029783 -0.0009841330000000426
020927 140.27893044686857 39.296742959591136 8.228424453735352 -1.6679238319396972 -0.001705791000000545
020928 140.71507140863415 39.14619384458813 9.67395896911621 -2.590841770172119 -0.0018496169999991708
020929 140.44735378327923 39.05437360530982 9.451568412780762 -1.6679238319396972 -0.0016790630000002693
020930 140.18349245055188 38.93809718984308 8.7843994140625 -1.2676220893859864 -0.001320820999998773
020931 140.49728358226116 38.75214989751336 10.452322959899902 -1.1230687141418456 -0.0019794660000002295
020932 139.6745411643732 38.70116323916739 7.1164754867553714 -0.6782890319824219 -0.0019139121000002035
020933 140.22052637901479 38.628409429715646 9.451568984985352 -1.378817081451416 -0.0020160279999970497
020934 140.39390438334695 38.17043605715577 9.78515338897705 -0.8006035327911377 -0.0018112459999997555
020935 139.8794228458227 37.92058294740891 8.006034851074219 -0.26686782836914064 -0.0017750139999975546
020936 140.44681586473124 37.8334931748766 9.56276340484619 0.2779872417449951 -0.000753844999999842
020937 139.9726774483367 37.66928697301877 7.338865280151367 0.022238969802856445 -0.002562335999999732
020938 140.57166929689876 37.59108846524904 8.673204040527343 -0.5448551177978516 -0.0016927300000020296
020939 139.8355374368561 37.46128825263906 7.0052801132202145 0.46701860427856445 -0.0015460749999988365
020940 140.46404938686575 37.44487001847342 8.117229461669922 0.34470419883728026 -0.0030802689999973156
020941 139.68635800080443 37.326209646316805 6.226915740966797 0.3113457679748535 -0.0011005790000012893
020942 140.2127611685047 37.29304023582061 7.005280685424805 0.4892576694488525 -0.0011865670000020146
020943 140.4509871257827 37.21056099347445 7.338865089416504 -0.40030179023742674 -0.0002815769999983786
020944 140.71601578303776 37.18308939311066 7.5612548828125 -0.6560500144958497 -0.0006826860000046509
020945 140.37628412990958 37.02357970025889 6.226915550231934 -0.23350930213928223 -0.0004230109999980414
020946 140.69016571181874 36.93261899710798 8.006034660339356 -0.6226915836334228 -0.0014583119999997507
020947 140.38570168452387 36.47584888425995 5.559746360778808 -0.5114967346191406 -0.000765687099999468
020948 140.03542223584734 37.12469900934291 7.116475296020508 -0.0555974006652832 -0.0018519780000019637
020949 139.50532352522865 36.87224696812643 5.559746170043946 0.600452470779419 -0.00212031000000934
020950 139.75279816592214 36.53763259962571 5.2261615753173825 0.04447793960571289 -0.001504396999999358
020951 139.90251560337336 36.45657996837992 5.337356185913086 -0.18903141021728515 -0.001487715000000378
020952 139.06085981723922 36.837354842563855 4.670186614990234 0.8006034374237061 -0.0017205439999997906
020954 138.84789739225437 36.59137705874997 4.114212417602539 0.9451569080352783 -0.000861438999999109
020955 139.01671629568517 36.39534665083554 4.336602210998535 0.811722993850708 -0.0010069610000016382
020956 139.25464504928837 36.26769135491819 4.336602210998535 0.6782890319824219 -0.0010945167999992123
020957 138.7029885986392 36.20026628195779 3.4470426559448244 1.1008297443389892 -0.00041581000000405765
020958 138.92605681558263 35.9299280564337 3.224652862548828 0.8450814723968506 -0.0008065799999940282
020959 139.9684715279151 35.143802900109996 2.44628849029541 0.6115721225738525 -0.001141271000000188
020960 139.36606596664456 35.39148818038643 2.5574832916259767 0.8006034851074219 -0.0009568598999997846
020961 139.11145804410054 37.540340987651646 5.448551368713379 0.4447796821594238 -0.0009314330000023574
020962 138.634606577154 37.212113043028594 4.558992195129394 0.5448551177978516 -0.001368697999998858
020963 139.24711726453953 37.15761546215476 5.3373565673828125 0.18903131484985353 -0.001447527999994236
020964 138.45736658360335 37.107084558494115 4.003017234802246 0.8228424549102783 -0.0012642829999975902
020965 140.29649976216416 36.77895491541068 5.782136154174805 -0.45589919090270997 -0.0010535390000001143
020966 137.0264367980763 36.91950782688851 2.6686784744262697 0.8562009811401368 -0.0015671163000000377
020967 137.55133120322455 36.86434439697655 2.779873085021973 0.8895594120025635 -0.0012591279999980998
020968 137.15447804930358 36.75795041767848 2.6686784744262697 0.8562009811401368 -0.001633988500000072
020969 136.80640646930226 36.59209049371644 2.223898696899414 0.8562009334564209 -0.0013276569999987942
020970 137.2392279135131 36.4727997717422 2.0015087127685547 0.811722993850708 -0.0016290830000002642
020971 137.03394466203315 37.43225773051212 2.779873275756836 0.6115720748901368 -0.0011086525000010283
020972 136.90877653333374 37.2264361076443 2.6686784744262697 0.7894839763641357 -0.001058538299999867
020973 136.54067799354647 36.53726572550632 2.0015087127685547 0.8784398555755615 -0.0016600685000000225
020974 136.36164613623086 36.22956348892401 1.8903135299682616 1.022993230819702 -0.0013161780000004342
020975 136.04895047547345 36.10973324516462 1.6679241180419921 0.8228424072265625 -0.001030199600000259
020976 136.65774224416978 35.90141422820353 1.5567289352416993 0.9229178428649902 -0.001532036000003245
020977 136.33958177726598 35.88821681529999 1.4455341339111327 0.8450814247131347 -0.0010933529999988423
020978 135.75564599742282 35.48657242851445 1.4455343246459962 0.9562764167785645 -0.0023395424000000275
020979 138.4442179590819 35.90493273632499 2.8910682678222654 1.0007544040679932 -0.0007816499999989901
020980 138.94999066073044 35.75387130655189 3.0022634506225585 1.0563518047332763 -0.000608653000006143
020981 138.60687034346773 35.4676921305335 1.8903142929077148 1.0229933261871338 -0.000889203000008365
020982 138.6242568691954 36.85668689279494 3.8918222427368163 0.9451568603515625 -0.0014508990000081212
020983 138.0967323116128 36.70664693588402 3.113457679748535 1.045232343673706 -0.001678393000008782
020984 138.1209505848645 36.52360413312288 3.224652862548828 1.0674712657928467 -0.0016212049999978716
020985 138.36604729146234 36.26098776549524 3.1134580612182616 0.9673959732055664 -0.000819530000001123
020986 137.7854384637919 35.944601177426826 2.223898506164551 1.0118739128112793 -0.0010054000000081942
020987 138.09570919627072 35.87841844304256 2.335093307495117 1.0341128349304198 -0.0009472909999999502
020988 137.45088184073134 35.81555291156545 1.7791189193725585 1.0674713134765625 -0.001216640000006919
020989 137.6201586676155 35.66122832588443 1.7791187286376953 0.9006789207458497 -0.0008985159999951974
020990 137.08053071416006 36.14026337457 2.1127037048339843 0.8673203945159912 -0.0018529260000036628
020991 136.78462185785492 35.72348803998773 1.4455341339111327 0.856200885772705 -0.0016217460000007122
020992 137.3090953443417 35.52312898775288 1.5567289352416993 0.9117983818054199 -0.000567889999996396
020993 136.54529278395 35.4800593495279 1.22314395904541 0.845081377029419 -0.0016609840000000986
020994 137.2523185459305 35.30055099240312 1.4455337524414062 0.9006789684295654 -0.001180375000001277
020995 137.5753327866172 35.10002289856018 1.4455341339111327 1.145307731628418 -0.00186934299999848
021001 135.08764797409074 35.419524929558506 1.3343385696411132 0.9229178428649902 -0.0012605199999995876
021002 135.34070155271183 35.33345968542356 1.1119491577148437 0.8895593643188476 -0.0011720630000013443
021003 135.6342126531453 35.15518223177411 1.2231441497802735 0.9340373992919921 -0.0006161309999981768
021014 134.19527393077686 35.529859101977046 1.1119489669799805 0.8562009334564209 -0.0018138012000001424
021015 133.49513739368675 35.50693584378659 1.3343393325805664 0.7672450065612793 -0.0009957700000001069
021016 133.86975050704615 35.493201826161204 1.2231441497802735 0.8228424549102783 -0.001139183499999774
021017 134.1559502287804 35.340591994758185 1.2231441497802735 0.9562764167785645 -0.001991535999999883
021018 132.9219937076465 35.49191011068673 1.1119491577148437 0.8450815200805664 -0.0020062229000004095
021019 133.19208980347182 35.31069259086159 1.2231441497802735 0.8784399509429932 -0.001296533999999383
021020 132.9026950734641 35.309725131544106 1.3343389511108399 0.8228425025939942 -0.001994593899999586
021021 132.66901062556644 35.23307844137494 1.3343393325805664 0.7672450065612793 -0.0017930519999993066
021022 132.38556730087626 35.03190105447412 0.8895591735839844 0.7450059413909912 -0.001533561000002237
021026 133.6807621096118 35.28295720026293 1.0007539749145509 0.9006788730621338 -0.0013551640000002863
021027 133.91269022215823 35.105025119951854 1.3343391418457031 0.644930648803711 -0.00195871699999941
021030 132.9020954658385 35.03521205509824 1.111949348449707 0.7783644199371338 -0.0017633069999988039
021101 136.50375862940908 35.10476182264495 1.0007543563842773 0.9340373992919921 -0.001035265999999524
031102 138.18578566372148 35.322074808857316 2.001508903503418 0.867320442199707 -0.0013024640000026011
031127 137.8144799979416 35.77753447745393 2.223898696899414 0.8339620113372803 -0.0010011200000008102
031128 136.7287538454856 35.405133653757936 1.2231441497802735 0.6226915836334228 -0.0012265868999996599
041135 133.69957504097925 35.4903993517386 1.3343391418457031 0.9229178428649902 -0.002256710900000769
041138 137.5959754042869 36.57696779049631 2.5574834823608397 0.7227670669555664 -0.0009929299999839713
051145 141.28323333909728 38.90192038828902 12.231442070007324 -2.2572569847106934 -0.00042634249999906615
061150 140.89879684201972 42.557931162541976 1.0007539749145509 0.500377082824707 -0.0007971399999988193
071158 136.77271101237304 37.00071865963282 2.335093879699707 0.9562764167785645 -0.0010327316000001475
071159 141.0546884789364 39.36200200229078 10.674712562561036 -3.213533306121826 -0.0014197190000004411
071162 139.53384128622673 38.51119289986304 7.005280685424805 -0.3002263069152832 -0.0017066287000005787
071163 139.27619749155727 36.60233772085609 5.00377140045166 0.6671694755554199 -0.0014316699999994853
081167 134.491499564942 35.535625161604365 1.3343389511108399 0.8673203945159912 -0.00145845399999871
081170 135.77480939734062 35.20664928040765 1.1119489669799805 1.0007543563842773 -0.0014280139999982566
081171 139.64454750194204 35.75802890820534 3.7806278228759767 0.5782135963439942 -0.0005922986000001628
081173 141.1421797789156 41.83399424230573 1.111949348449707 0.144553279876709 -0.0008682936999996116
091174 140.29500307156633 40.57517687390377 3.558237838745117 -1.1897856712341308 -0.0016758960000004207
091175 140.99023298454932 40.921148943143706 2.557483673095703 -1.1230688095092773 -0.001108294499999829
091179 140.75474622953953 38.25774226882374 10.22993335723877 -1.0229933261871338 -0.0015823990000001231
091180 134.33046033177914 35.58670823691435 1.3343389511108399 0.9006789207458497 -0.001697116799999776
92106 139.08197138622228 35.00685288160474 2.0015087127685547 1.0785908222198486 -0.0007401662999996006
92110 140.08719602809933 36.106113995705826 5.114966583251953 -0.22238988876342775 -0.0008456389000002674
93001 139.54230591629326 36.29516272857701 4.7813817977905275 0.42254080772399905 -0.0017165422999994462
93002 140.17427058058905 36.263268379847176 5.337356376647949 -0.4225407600402832 -0.0009859400999999933
93003 139.8105321243631 36.203671681729546 4.89257698059082 0.1779118537902832 -0.0012946971999994617
93004 140.54448948228773 36.181305971641784 5.8933309555053714 -0.6226916790008545 0.0005829319000000055
93005 139.34517427686635 36.120951345476904 4.003017234802246 0.5893331527709961 -0.000970849299999088
93006 140.3431563786194 36.09693573826512 5.670941352844238 -0.6560501098632813 0.0003448304000002622
93007 139.63672853109352 36.08722735963461 4.558992004394531 0.4003016948699951 -0.0008753646000002391
93008 139.79962950873087 36.01086709103097 4.892576599121094 0.26686782836914064 -0.0010300422000000253
93009 140.65924144664694 35.955453865194826 6.33811092376709 -1.289861249923706 0.0015142651999994427
93010 140.40295649343463 35.970407990532514 5.782136154174805 -0.7338866233825684 -0.0001717483000000186
93011 139.4642893279715 35.925504578042585 3.7806272506713867 0.5893331050872803 -0.0011233867000001395
93012 139.9927271684036 35.94029107236886 5.11496639251709 -0.0889559268951416 -0.00026606409999985203
93013 139.6518645419477 35.93747055876438 4.336602210998535 0.4336602210998535 -0.0007222607999999298
93014 140.14549768315914 35.87364748544713 5.114966773986817 -0.3224652290344238 -0.0004880345000003672
93015 140.4070120910764 35.803328778922264 5.782136344909668 -0.8895594120025635 0.0006636579999991455
93016 139.81281570609744 35.78021408316539 4.336602210998535 0.3558237552642822 -0.00038886320000059983
93018 140.02475899679692 35.786465663521 4.670187377929688 0.07783641815185546 -0.0002785859999988816
93019 139.48825772837898 35.71036622671287 3.335847854614258 0.7672450065612793 -0.0007457579999993414
93020 140.31515012696997 35.71759774861214 5.114966773986817 -0.444779634475708 -0.0001585669999997208
93021 140.64682729886616 35.777301539164604 6.782890510559082 -1.7124018669128418 0.0008215629999995145
93022 140.8372359103813 35.72635375735788 8.228424453735352 -2.2794960021972654 0.0007370874000002913
93023 139.9023578660429 35.675463438271805 3.8918222427368163 0.21127033233642578 -0.000667760099999981
93024 140.44830526480703 35.64235265701055 5.559746360778808 -0.7894838809967041 -0.0001441904999992971
93025 140.18656665408307 35.54414360516398 4.003017234802246 0.11119494438171387 -0.0005335156000001006
93026 139.67335563739866 35.56340276954262 3.1134580612182616 0.5893331050872803 -0.00038812099999958606
93027 140.31823962696726 35.530115263310734 4.447797203063965 -0.1667923927307129 -4.86323000004063e-05
93028 139.46784374051998 35.52140904030171 2.6686784744262697 0.8784399509429932 -0.0009102439999992384
93029 139.32257893149998 35.482641268509354 2.6686782836914062 0.9673959732055664 -0.0010831979999991858
93030 140.05133475686358 35.447783377322594 3.3358476638793944 0.4003016471862793 -0.0005828178000001572
93031 139.0451811827725 35.41535102898166 2.3350934982299805 0.9896348476409912 -0.0009800339999969764
93032 139.65374976779273 35.436484271385844 2.8910682678222654 0.7116474628448486 -0.0005668052000004309
93033 140.33737401191067 35.42112596294729 3.8918224334716798 -0.022238922119140626 -0.0006269772000003116
93034 139.46607046666222 35.32668151233474 2.3350934982299805 0.8562008380889893 -0.0010704670999999166
93035 139.26269634430716 35.30489957218338 2.112703323364258 0.978515338897705 -0.0007442490000002522
93036 139.8255217014349 35.31170215103228 2.44628849029541 0.8339618682861328 -0.0006725267999996732
93037 140.146793843629 35.333139289084265 3.1134578704833986 0.4781381607055664 -0.0004964498999996181
93038 138.88165214883756 35.321603983451894 2.223898506164551 1.0341128826141357 -0.000269387999992432
93039 139.8435700250916 35.143709365184854 2.1127037048339843 0.9673958778381347 -0.0006834786999995402
93041 140.26802349581348 35.16590051178197 2.8910680770874024 0.3669432640075684 -0.0005736900000002266
93042 139.11043717265704 35.1486049897045 2.1127037048339843 0.7005280017852783 -0.0006496237000000349
93043 138.90186003612516 35.1100160196307 1.8903135299682616 0.989634895324707 -0.0009160233000002904
93044 140.07926931796698 35.11186069547057 2.3350934982299805 0.5003771781921387 -0.0005557758999998441
93045 139.954343651185 35.25480799614054 2.557483100891113 0.5893331050872803 -0.0005373529999985749
93046 138.99792773647553 35.01482751915772 1.5567291259765625 0.9896348476409912 -0.0012966150000011112
93063 139.26813445539582 35.723758077782264 3.3358480453491213 0.9673958778381347 -0.0013164649999993117
93064 138.97585629223093 35.623349259379076 2.6686784744262697 0.8450814723968506 -0.000666068000003861
93065 139.15722740005225 35.610274102114644 2.6686782836914062 0.9451568603515625 -0.0011943369999983134
93066 139.20486858560125 35.42851873798776 2.3350940704345704 0.7672448635101319 -0.001266609000003882
93067 139.66483872378979 35.26709391393883 2.557483673095703 0.8339619159698486 -0.00046815839999965193
93068 139.04933992849536 35.24551619530799 2.0015087127685547 1.200905179977417 -0.0005712450000032732
93069 138.44524845624963 35.44357985876606 1.667923927307129 0.8562009811401368 -0.0017509340000003704
93070 138.81403849741423 35.49658938718356 2.0015087127685547 1.1119493007659913 -0.001241914000001998
93071 138.56343603069504 35.3620781712881 1.8903135299682616 1.0007542610168456 -0.001725681999994322
93072 138.77067614803403 35.30553953963308 1.6679237365722657 0.9785153865814209 -0.000991470000008121
93073 138.44570041299858 35.289461534531725 1.7791187286376953 1.3788171291351319 -0.0015042169999986755
93074 138.2535147873496 35.200979051947776 1.6679237365722657 1.100829792022705 -0.001320739999982834
93075 138.6169889761131 35.20318348534722 1.667923927307129 1.1564272880554198 -0.0009918770000012956
93076 138.72154288204723 35.17359028907687 2.001508903503418 0.9229179382324219 -0.001882396999999969
93077 138.52471044723026 35.0674075927976 1.5567289352416993 0.9673958778381347 -0.0016877411000002951
93078 138.36869715761344 35.10345861665567 1.6679241180419921 0.9451569557189942 -0.0011776150000002872
93079 138.13490209922182 35.10391187238261 1.667923927307129 1.0118739604949951 -0.001761455999996997
93084 137.69523653138847 35.079292942857386 1.5567289352416993 0.9451568603515625 -0.0006028289999960634
940014 141.7306707832213 42.983252943800736 1.1119491577148437 0.8673205375671387 -0.0009467663999998876
940017 139.85766905507683 42.4507341492121 1.4455343246459962 0.45589914321899416 -0.0016020092999994517
940018 140.94240633120128 42.37421431329863 1.2231443405151368 0.47813825607299804 -0.0015996779999994716
940020 139.51960181161792 42.153545190961616 1.6679237365722657 0.25574827194213867 -0.0008202083999989896
940021 140.1073246578527 42.00807378229242 1.6679237365722657 0.3558238983154297 -0.0008815670999993586
940022 140.74782721065122 41.82607203534877 1.0007547378540038 0.2779872894287109 -0.0026500732000002357
940023 140.04065393320903 41.46637512279088 2.0015087127685547 -0.22238988876342775 -0.0013486749999998438
940024 141.21327691463824 41.30077055783554 1.7791183471679688 -0.41142120361328127 -0.0009273501000002682
940026 140.27298543295743 40.77898187693904 2.8910682678222654 -0.9340373992919921 -0.0009089095000000214
940027 141.78910454757332 40.13344376264604 7.116475296020508 -2.513005256652832 -0.0012662993000006396
940028 141.93998070850756 39.57237746066824 13.454586029052734 -2.4796468734741213 -0.00333637539999998
940029 141.20394182984197 39.11061622042102 11.67546730041504 -2.3239739418029783 -0.001484448000002203
940030 139.77615692795825 39.967899871895554 4.781381988525391 -1.0118738174438477 -0.0007860441999994805
940031 140.04825157024501 39.3986930108023 7.33886489868164 -1.3121000289916993 -0.0013810216999999626
940032 139.80886344733284 38.8945999851022 7.338865089416504 -0.878439998626709 -0.0012834919999995976
940033 140.31875196338467 38.75859121441066 9.562763786315918 -1.3343390464782714 -0.002013257000001545
940035 140.36610316537102 38.33102445469468 9.896348762512208 -0.722766923904419 -0.0010118599999998424
940037 140.95420944660202 38.31748153437293 10.897102737426758 -1.6456849575042725 -2.757980000041016e-05
940038 140.9081038271762 37.80066737764924 9.67395896911621 -1.779118824005127 -0.0002970790999995643
940040 139.7915166413827 37.6436953123283 7.338865280151367 0.12231440544128418 -0.0002048580000007405
940041 140.90253047277253 37.09071126781577 10.785907745361328 -0.8006035327911377 -0.0003520850000001019
940042 140.61184536918017 36.539926923839154 5.670941352844238 -0.4225407600402832 -0.00049931099999867
940043 139.72642768370116 36.401847414574796 4.892576599121094 0.2779872894287109 -0.001241987000000222
940044 138.906261745617 36.69703586631291 4.447797012329102 0.6449305534362793 -0.0013822109999978237
940045 138.86540913956782 36.259032402330526 3.4470426559448244 0.8450814247131347 -0.000823897000000784
940046 137.85112480885914 36.499766754850526 2.6686786651611327 1.022993278503418 -0.0018461669999965125
940047 137.9438087575104 35.92358085870587 2.0015087127685547 1.0341128349304198 -0.0014824159999989206
940048 138.58329977057133 35.59033578556458 2.44628849029541 0.7783645153045654 -0.001310777999998436
940049 139.50957910498352 38.2306878212307 6.782890510559082 -0.08895597457885743 -0.0008253941999996073
940050 138.98887222212593 37.896469973015904 5.337356758117676 0.3669433116912842 -0.0006850253000003192
940051 138.5744032942483 37.39767904905933 4.225407218933105 0.5893331050872803 -0.0015388510000001077
940052 137.4872329573091 36.928958079732325 2.779873275756836 0.8784398078918457 -0.001565386500000443
940053 136.8891680785935 37.38237533661623 2.6686784744262697 0.6782890319824219 -0.00119599580000056
940054 136.64994174843002 36.6634122105857 2.3350934982299805 0.8895594596862793 -0.0013967456999992578
940055 136.17297590458864 36.231172828229816 1.779118537902832 0.9673957824707031 -0.0016812053999998966
940056 136.1058086938946 35.60256086042601 1.4455341339111327 0.8784399509429932 -0.0015126359999996452
940057 135.2333846631177 35.54990393754849 1.22314395904541 1.0563518047332763 -0.0018273981000000105
940058 137.34791201397778 36.13599315557389 2.1127037048339843 0.8784399032592773 -0.0009245540000051733
940059 137.24837437435355 35.80048395694259 1.5567291259765625 1.145307731628418 -0.000998880999998164
940060 136.90002557700387 35.52607242990722 1.5567287445068358 1.0341128826141357 -0.0014576770000005012
940061 137.46757454663026 35.396765413901264 1.667923927307129 0.8006034374237061 -0.0005172659999971074
940062 136.15823268467187 35.09472774965707 1.111949348449707 0.8562009811401368 -0.001079378999997971
940063 137.04128567425994 35.128109292921174 1.3343389511108399 1.0452322483062744 -0.0017277810000010164
940074 133.0586545036906 35.43387480049411 1.2231441497802735 0.8673203945159912 -0.0020461167000007663
940075 132.20897599550622 35.00281187241297 0.889559555053711 0.8450814723968506 -0.0016645624999995334
950127 140.54393819808692 42.98525208516625 1.0007539749145509 0.4781381607055664 -0.0015024894999996264
950128 141.29033250318943 42.97137784716958 0.4447797775268555 0.4781381607055664 -0.002345776999999316
950129 140.88334123674392 42.857889220755695 0.889559555053711 0.9340373992919921 -0.00203551300000413
950130 140.603518909904 42.80271730492895 1.1119495391845704 0.5003771781921387 -0.0008427129000011746
950131 140.23320350630794 42.7864338988792 0.8895593643188476 0.4558992385864258 -0.0012920352999998385
950132 141.86398207993693 42.72944074301949 0.889559555053711 0.5559745788574219 -0.0003286154000001318
950135 141.07495542221687 42.66787578598246 1.4455343246459962 0.45589914321899416 -0.0008038530000021637
950136 141.60225965727153 42.65552981859473 0.4447797775268555 0.5893332481384277 -0.0009361783999999318
950137 140.8256837719319 42.64628979664334 0.6671693801879883 0.7116475105285645 -0.0008207529999992857
950139 141.3614805290646 42.54980017297782 0.0 0.6894085884094239 -0.0022373502000000655
950140 140.35419751271175 42.49435957594755 1.3343389511108399 0.511496639251709 -0.0010604254000000425
950143 140.25048225066257 42.243676856374066 1.2231441497802735 -0.011119461059570313 -0.0014658354000005147
950145 140.0039472704351 42.130847893098526 1.4455341339111327 0.4003016471862793 -0.0007225618999996186
950146 140.5687761453977 42.098671364185094 1.3343389511108399 0.2891068458557129 -0.0007985351999991508
950147 140.80554186143274 42.04296678898588 1.5567289352416993 0.03335847854614258 -0.00047023139999993193
950149 140.3158901191459 41.59902503163682 2.1127035140991213 -0.03335847854614258 -0.0008479073000003723
950150 140.88050746019516 41.45529582857668 1.890313720703125 -0.2557483673095703 -0.0010100990999994508
950151 140.635894864953 41.04321908124154 2.4462881088256836 -0.5559746742248535 -0.0002893350000000794
950152 141.3679654182752 40.96824138728147 2.0015085220336912 -0.756125545501709 -0.0014145029999994563
950153 141.1978349567633 40.62506585954565 3.1134578704833986 -1.5233704566955566 -0.00240482199999974
950154 139.92812140621916 40.57763985825455 3.4470426559448244 -0.7338865280151368 -0.001091121099999981
950155 140.57815291854172 40.523650344218794 3.891822624206543 -1.2565027236938477 -0.0011381549999981643
950156 141.51128678961598 40.515355447297644 3.669432258605957 -1.979269790649414 -0.0014285157000003324
950157 141.0764817521872 40.2910703632544 5.11496639251709 -2.7131561279296874 -0.0005690560000005008
950158 141.71314025952142 40.40519629636809 4.670186614990234 -1.9125526428222657 -0.0006881491000001461
950159 141.29369315254607 40.291143161403305 4.670186996459961 -2.7020365715026857 -0.001877915999997981
950160 141.46195433946818 40.048593795453996 7.561255073547363 -3.046741008758545 -0.0012353060000009463
950161 141.22507471525228 39.980568210902696 7.338865280151367 -3.180175018310547 -0.0018256059999998797
950162 141.95055505086137 39.86936436862643 10.229933166503907 -2.8799487113952638 -0.004165231000001768
950163 141.16487302440925 39.8512389138435 8.006034469604492 -3.391445255279541 -0.0032053660000002536
950164 141.80386442560246 39.84916938967819 10.563517951965332 -3.1912943840026857 -0.002804710999998861
950165 140.9645139176991 39.70108554942576 9.340373992919922 -3.847344493865967 6.582500000149594e-05
950166 141.17211982840732 39.596564249971166 10.89710292816162 -3.5915960311889648 -0.0011227300000001606
950167 141.955277882137 39.45815190790242 13.676976013183594 -1.9903891563415528 -0.003163011700000595
950169 141.53416172673093 39.33805501717565 13.343390846252442 -2.379571533203125 -0.0018054699999993317
950170 141.79806701321937 39.2535089724091 13.009806632995605 -1.6901628494262695 -0.0013193176000001472
950172 141.5726183614621 38.902849825364406 12.120246887207031 -1.6901628494262695 -0.0007315784000013536
950173 140.99060460895893 38.81533468105938 11.564272117614745 -1.901433277130127 -0.0016553639999997926
950174 140.80165584825912 38.74893115325305 10.674712944030762 -2.179420566558838 -0.0012026380000008884
950176 141.14756755736994 38.53947315936675 11.119492721557616 -1.756879949569702 -0.000523892900000078
950177 140.85137572396047 38.41175556898611 10.674712944030762 -1.9903892517089843 -0.000998132200000157
950179 140.8440107439505 38.029655165603145 10.229932975769042 -1.0452322959899902 0.00025553349999967167
950180 140.44259155579186 37.98992863318382 9.451569175720214 -0.055597448348999025 -0.0015129930000000514
950181 140.5773558213432 40.32504320170101 4.892576789855957 -1.6456849098205566 -0.000890976999997406
950182 140.2636676829982 40.271152695766354 4.7813817977905275 -1.3009806632995606 -0.0004248680999992871
950183 140.78734192142412 40.21543515123751 5.4485515594482425 -2.2127790451049805 -0.0003332799999981262
950184 140.04794297929985 40.24469079996372 4.447797203063965 -1.0118738174438477 -0.0013286023999995677
950185 140.40199614355495 40.006873530793385 5.8933309555053714 -1.745760440826416 -0.0015433400000006258
950186 140.13238459964512 39.93605110134798 5.670941162109375 -1.3121002197265625 -0.0013365570000004822
950187 140.5970557120531 39.74915741660001 8.117229652404784 -1.9236721038818358 -0.001161920999999211
950188 140.23422315178132 39.65830514123496 7.227670097351075 -1.512251091003418 -0.0015239737000001697
950189 140.38663614056765 39.54928766724174 7.894839668273926 -1.7568798065185547 -0.0016100976999993577
950190 140.55979182592034 39.32699651527577 8.895594024658203 -2.07934513092041 -0.0017369280000011146
950191 139.90772752720585 39.20605890178172 7.1164751052856445 -1.0452322959899902 -0.0015802131000000942
950192 140.16199355820132 39.16420750174619 8.562009620666505 -1.5678483963012695 -0.0006915619999972478
950193 140.6296026229094 39.05189632700943 9.673958587646485 -2.0904645919799805 -0.0025692350000042553
950194 139.54766980884446 39.18555969958539 6.115720748901367 -0.622691535949707 -0.0012754561000001274
950195 139.95738561015523 38.75971775907499 8.117229843139649 -1.000754451751709 -0.0017473797000000957
950196 139.83177968812876 38.59403439695254 7.783644676208496 -0.6115720272064209 -0.0011156080000006342
950197 139.74226171891615 38.14617385411149 7.783645057678223 -0.11119484901428223 -0.0005037950000001956
950198 140.09353982447777 37.96360567620813 8.56200942993164 -0.04447803497314453 -0.0014252419999991161
950199 140.07758749707656 38.19754171137486 8.895594024658203 -0.5448551177978516 -0.0008278429999961645
950200 140.46650329550428 37.68330650596814 9.34037380218506 -0.07783637046813965 -0.0011561450000016293
950202 140.07269249008192 37.56694676366761 7.5612548828125 0.35582380294799804 -0.002150173999996241
950204 139.52863732117976 37.47346177012271 5.893331146240234 0.0889559268951416 -0.002060056999999915
950205 140.66212745299632 37.32546688015574 8.450814819335937 -0.42254066467285156 -0.00096520400000486
950206 139.36435537477524 37.302798348227945 5.559746170043946 0.2557483673095703 -0.0015134489999979906
950207 139.5037775093879 37.28148883908193 5.670940971374511 0.31134586334228515 -0.00179933599999913
950209 139.87143624629866 37.26107173684258 6.671695327758789 0.06671690940856934 -0.0016122559999985242
950210 140.2599389336187 37.12629344175414 6.671695518493652 0.1779118537902832 -0.0011579829999959657
950211 140.56165390751113 37.08929409784564 6.671695518493652 -0.2891068458557129 -0.0007350989999963531
950212 140.41327955131777 36.86209149374503 5.670941352844238 -0.6671695709228516 -0.0008728209999986803
950213 140.29343183556006 36.65056602881485 5.337356185913086 -0.8895593643188476 -0.0003042830000026697
950214 140.75392443158213 36.80030740232447 7.450060272216797 -0.511496639251709 -0.0005390082000005236
950215 140.077953178638 36.36491161647603 5.337356758117676 -0.3224652767181396 -0.0012059269999994625
950216 140.47634036688592 36.3443684746604 5.559746170043946 -0.5337356567382813 -0.0005898471000008954
950217 140.03926424846745 36.854234254458824 5.448551368713379 -0.10007548332214355 -0.0009465390000002571
950218 139.6192540795002 36.66598350387776 5.11496639251709 0.6004526138305664 -0.0020492899999965176
950219 139.92347344459384 36.598945655346206 5.4485515594482425 -0.2001509189605713 -0.0008974399999999605
950220 139.22490981851206 36.76969227688013 5.114966583251953 0.4892576217651367 -0.0016358900000000177
950221 138.55271743342803 36.50799581982233 3.5582374572753905 0.845081377029419 -0.0005983499999956621
950222 139.33039176035837 36.42162815933478 4.781381988525391 0.5337356090545654 -0.0009267770000008114
950223 139.07568848454775 35.986891290337084 3.335847854614258 0.7338865280151368 -0.0005612240000004931
950224 139.79599062458155 35.89596961275223 4.558991813659668 0.31134586334228515 -0.0005753196999997101
950225 140.04809617243993 35.657205626153434 4.225406837463379 -0.033358430862426756 -0.0001624243999998498
950226 140.3849096721726 35.24324292635125 3.4470426559448244 0.0 -0.0006984608999999864
950227 139.97489011950745 35.00279149145848 2.0015087127685547 0.5782136440277099 -0.0008017350999999451
950228 139.630652687429 35.663697144731394 3.447043037414551 0.5559746742248535 -0.0005459146999996278
950229 139.1626028523705 35.33620843968519 2.223898506164551 1.0341128826141357 -0.0013198770000002469
950230 139.14241623213923 35.2685998955399 2.223898506164551 0.9340373039245605 -0.0014341703999988908
950231 139.25335768742096 38.46539038791055 6.004525947570801 -0.0555974006652832 -0.0011859244000000046
950232 138.5130931758112 38.31934560966262 4.670186996459961 0.34470429420471194 -0.0011265839999992978
950233 138.47168736674203 38.063279185406046 4.892576408386231 0.4336601734161377 -0.0005130512999997449
950234 139.3514683858729 37.92938298574849 6.33811092376709 0.15567293167114257 -0.0014267332000002853
950235 138.2730735052703 37.81590161177839 4.114212417602539 0.6004525661468506 -0.0008438155000000336
950236 139.4778969040596 37.685905461948714 6.560500717163086 0.10007553100585938 -0.001616749999999456
950237 138.78051213138116 37.6675231856746 4.892576789855957 0.3780627727508545 -0.0012224811999999475
950238 139.0591275110323 37.662294808843015 5.448550987243652 0.25574841499328616 -0.0007578686000002221
950239 138.99801686517245 37.46771785243277 5.114966583251953 0.4447797298431396 -0.0008877990000002
950240 138.7899890071748 37.31131469042259 4.670186614990234 0.6782890796661377 -0.00021742299999942815
950241 138.3335757950761 37.23112202483565 4.003017616271973 0.7450059413909912 -0.001189608500000361
950242 138.93372714421028 37.16603519861939 4.781381988525391 0.8450815200805664 -0.0015594010000000934
950243 138.1001951692734 37.16079064978143 3.447043228149414 0.7783644676208497 -0.0021107229999984154
950245 137.87385041911043 37.04517344536396 3.3358480453491213 0.856200885772705 -0.00098562570000027
950246 138.83085086287332 36.993459620333525 4.336602210998535 0.5893331050872803 -0.001570584000000963
950247 138.1986785258615 36.86540421333993 3.224652862548828 0.8117228984832764 -0.001052382000000307
950248 136.99612815660876 36.74062097661281 2.223898696899414 0.9340373516082764 -0.0011339593999998953
950249 137.19519856176623 36.634336811080416 2.335093307495117 0.8784399509429932 -0.0008975550000002386
950250 137.4398983000897 36.57870573058063 2.335093307495117 0.9673959255218506 -0.0015583449999894583
950251 136.9205601250675 36.40187924826263 2.1127037048339843 1.100829792022705 -0.0015533800000014253
950252 136.91927182544012 37.85049537790637 2.779873275756836 0.6782891273498535 -0.0008806358999997599
950253 137.27005235567412 37.44602714118657 2.891067695617676 0.9562763214111328 -0.0010104979000004732
950255 136.38894404426628 36.39445632555467 1.8903135299682616 0.9229179382324219 -0.0014363578999997627
950256 136.63394876333555 36.1652892784155 1.8903139114379883 0.9451568603515625 -0.0016535869999984242
950257 136.2789464461584 36.14561944231323 1.7791187286376953 1.0674713134765625 -0.001205360699999858
950258 136.50492503563723 35.98490818006933 1.5567291259765625 0.9340373992919921 -0.001445836000002032
950259 135.98976450941615 35.945004871078794 1.4455337524414062 1.0118737697601319 -0.0012184509999997317
950260 136.1973950605629 35.79278225219157 1.4455337524414062 0.8562009334564209 -0.0010174800000015694
950261 135.90764053666385 35.53440951203199 1.4455337524414062 0.811722993850708 -0.0018518148000005396
950262 135.60888074115033 35.4627149754061 1.22314453125 0.8006034374237061 -0.002014637599999958
950263 138.31639795566736 35.855979039488886 2.335093307495117 1.0674712657928467 -0.0013455290000024434
950264 138.6951338942012 35.74687551750884 2.5574832916259767 0.9451568126678467 -0.000437033999992309
950265 138.43616985658795 36.801709050474734 4.114212417602539 0.40030179023742674 -0.0007023910000043543
950266 137.8723348958679 36.70646871786129 3.0022628784179686 1.0007543087005615 -0.0011750209999945582
950267 138.24747069916825 36.66515541578409 3.113457679748535 0.7783644199371338 -0.0012748860000044715
950268 138.3225267158031 36.38617691303439 3.224652862548828 0.9229178428649902 -0.0009683580000000802
950269 138.63779985496168 36.34601410513667 3.8918222427368163 0.8784399032592773 -0.0007723990000044978
950270 137.90281801151121 36.32237163791694 2.1127038955688477 0.845081377029419 -0.0019888280000031956
950271 138.21648811097293 36.208467721750516 2.779873085021973 1.0007543087005615 -0.0008042789999990419
950272 138.46097569875224 36.130639962057494 2.8910682678222654 0.9006788730621338 -0.0007699089999960052
950273 137.98301349825542 36.121109591706364 2.0015085220336912 1.1564272880554198 -0.0016346969999972317
950274 137.69626143351803 35.78361812361011 1.667923927307129 1.045232343673706 -0.0008594580000021778
950275 138.03831879085948 35.556130000171706 1.7791187286376953 1.1675467014312744 -0.0012784580000015922
950276 137.81523878348085 35.521092268544116 1.779119110107422 0.8895594596862793 -0.0012846800000033908
950277 137.92527307649084 35.31714439146455 1.667923927307129 0.9785153865814209 -0.0006838110000046526
950278 137.58766951138614 35.24699947009466 1.667923927307129 0.878439998626709 -0.0012046469999972941
950279 137.1471741393926 36.33551078120468 2.0015087127685547 0.8339619159698486 -0.0013894779999986894
950280 136.95276435245322 36.03304870829902 1.3343393325805664 1.1341883659362793 -0.001550032000000101
950281 137.53486873903233 35.97345841212598 1.7791187286376953 0.9451569557189942 -0.0014657800000122735
950282 136.86318265173347 35.86694139363948 1.6679241180419921 0.8895594120025635 -0.0009648879999986093
950283 136.9753031516508 35.75778320012562 1.6679235458374024 0.7894839763641357 -0.0009951150000006236
950284 137.42477414538004 35.6571894886661 1.667923927307129 1.0007543087005615 -0.000893846000008125
950285 136.4887689023535 35.63615338822653 1.5567291259765625 0.7338865280151368 -0.0007026110000026619
950286 136.61139549394855 35.63289784793719 1.3343389511108399 0.811722993850708 -0.0018631510000005846
950287 137.17414606411214 35.61208667994856 1.5567289352416993 0.8006034374237061 -0.0007719820000005484
950288 136.68728360653225 35.48832464000227 1.5567289352416993 0.7227670669555664 -0.0011608856999998807
950289 137.12468863125957 35.47870073348051 1.4455337524414062 0.9229179382324219 -0.0009026390000002494
950291 136.5497440244622 35.371709802993664 1.3343389511108399 1.045232343673706 -0.0007778584000000422
950292 137.11023274457423 35.367372495636495 1.5567289352416993 0.9340373992919921 -0.0010136799999997947
950293 137.40560748465398 35.26196731642052 1.3343393325805664 1.0229933261871338 -0.0006566389999989042
950294 136.59344589742452 35.227905840598204 1.2231443405151368 1.0118738174438477 -0.0011968357000000651
950295 137.98041640867663 35.03151837412024 1.667923927307129 1.0452322483062744 -0.0016945469999996021
950298 136.92997982648646 35.33476088411897 1.4455341339111327 0.9673958778381347 -0.0011342227000000094
950299 136.8288334708079 35.19010686269426 1.3343389511108399 0.9117984294891357 -0.00115814859999972
950300 137.2535636017115 35.13875295347759 1.4455337524414062 0.9451569557189942 -0.0013290390000008756
950301 137.31316496067254 35.03946515568572 1.4455339431762695 0.9229178428649902 -0.001110386999999946
950317 136.19794673906662 35.557331504034266 1.2231441497802735 0.8895594120025635 -0.001398677000000248
950318 136.05366712694826 35.466286795730724 1.0007543563842773 0.8117228984832764 -0.002039472999999248
950319 135.91320876801308 35.35125491125289 1.3343393325805664 0.8006034851074219 -0.0014226010000015776
950320 136.06282851133946 35.31897490008734 1.3343391418457031 0.867320442199707 -0.001235750000000735
950321 136.23561445826564 35.26944124876753 1.2231441497802735 0.8006034851074219 -0.0010790820000011081
950322 135.87080919934237 35.137040124424495 1.1119491577148437 0.9673958778381347 -0.0013184029999990798
950327 135.1732162542599 35.75235304991239 1.4455343246459962 0.8562009334564209 -0.0020569452000003706
950328 134.93228682259672 35.55568158523972 1.2231443405151368 0.8784399509429932 -0.0018555802000008725
950329 135.1640355032179 35.29233641169722 1.111949348449707 0.8228424072265625 -0.0013830369999993763
950331 135.36690575904066 35.16378699932573 1.000754165649414 1.0563518047332763 -0.001371572000005017
950332 135.56452306929557 35.07758200803427 1.1119491577148437 0.8339619159698486 -0.0014212420000006888
950341 134.58249464574297 35.43674684534844 1.3343393325805664 0.967395830154419 -0.0015049630000021352
950342 134.81850326171005 35.31489832239549 1.3343391418457031 0.8895595073699951 -0.0009546599999964656
950343 135.18189883040884 35.10528516461546 1.2231441497802735 0.9006788730621338 -0.0011314980000008746
950344 134.5859601688557 35.094454171986506 1.0007547378540038 0.9451569557189942 -0.0010990120000002434
950345 134.97258910703349 35.09078461796906 1.2231441497802735 0.856200885772705 -0.001244273000000362
950378 134.0466707898637 35.45675479705739 1.4455345153808594 0.9229178905487061 -0.0018486009999989506
950379 133.4390724195987 35.34553550297089 1.4455341339111327 0.9229178905487061 -0.002148923999999397
950380 134.23736794694557 35.26586268531271 1.111949348449707 0.7783644676208497 -0.002099975999999515
950381 133.30853272719514 35.16457472371537 1.0007543563842773 0.878439998626709 -0.001511110000001281
950382 133.23988078244358 36.28529009673298 1.667923927307129 0.8339619159698486 -0.0018026968000000921
950383 132.9843792755408 36.09320958355832 1.3343393325805664 0.9117983818054199 -0.001653112099999987
950384 132.7432146558393 35.39261485250961 1.1119491577148437 0.811722993850708 -0.0023494823000000053
950385 132.99542376581482 35.19561314670633 1.1119489669799805 0.9229178428649902 -0.0015978590000031545
950386 132.50732220247843 35.18595412294454 1.000754165649414 0.8450814247131347 -0.0016417235000005803
950387 132.72050602546025 35.01977308117602 1.0007543563842773 0.9117983818054199 -0.0014591890000019703
950389 133.79247734025904 35.26353853634875 1.000754165649414 0.8562009811401368 -0.0018223370000100658
950390 134.3196405958369 35.09964123335765 1.2231441497802735 0.7005280494689942 -0.0007906410000032338
950391 134.23477038051456 35.020881496974134 1.1119491577148437 0.8895594120025635 -0.0014858809999992672
950392 133.7345024698851 35.00296134338322 1.000754165649414 0.9117983818054199 -0.0013998859999986735
95105 139.17103514883752 35.040627876360354 1.5567285537719726 1.0118737697601319 -0.0016492399000000546
960522 141.5774164214567 42.884431040246234 1.0007543563842773 0.8562009811401368 -0.0006841960999992124
960523 141.4070931098171 42.7731892530206 0.8895591735839844 0.7005280494689942 -0.001634698999998818
960525 140.76762324077006 42.551378986066865 0.889559555053711 0.366943359375 -0.001211691299999984
960526 140.87637246316106 42.47390122414542 1.0007547378540038 0.4336602210998535 -0.000994039500000099
960527 139.44615065742755 42.060503880521146 1.6679243087768554 0.1779118537902832 -0.0011076999000003696
960528 140.66686876572243 42.123142410259995 1.1119491577148437 0.15567293167114257 -0.0009077856000004658
960529 140.71543714807126 41.976685806976384 0.8895591735839844 0.15567283630371093 -0.0014986610000022437
960530 140.07123096226886 41.80302607013365 1.7791189193725585 0.10007543563842773 -0.0014495489000012185
960533 141.44758892041355 41.40470451571616 1.667923927307129 -0.22238988876342775 -0.0006029276999996114
960534 140.49076933425985 41.18507638347408 2.55748291015625 -0.3224653244018555 -6.753960000054349e-05
960535 140.82198753131834 41.145543936708165 1.667923927307129 -0.38918228149414064 -0.001934836200000234
960537 141.13181033758102 40.86235775811385 2.668678092956543 -1.2231441497802735 -6.209649999959766e-05
960538 140.58922914798538 40.7062724252185 2.779873085021973 -0.8117229461669921 -0.0014291200999991815
960539 141.37621427790393 40.676394562812064 3.2246530532836912 -1.5344900131225585 -0.00024213070000058678
960540 140.4785321923632 40.62434200672769 2.8910680770874024 -0.9896347999572754 -0.001476331700000344
960541 140.80335195083794 40.64356294488932 3.335847854614258 -1.545609474182129 -0.00153143300000238
960542 140.45156849130643 40.91017441633469 2.779873085021973 -0.7227669715881347 -0.001401912299999708
960543 141.06634030172455 39.953073353044 7.005280685424805 -3.10233850479126 -0.0014917980000006992
960544 140.7691995090622 39.35129322006522 9.896348571777343 -2.7353952407836912 -0.0009533369999985553
960546 141.57550391237885 39.14308296075865 12.676222038269042 -2.0459866523742676 -0.0010005680000006122
960547 141.6753050642635 39.59611625561332 12.787416648864745 -2.7131561279296874 -0.0025611849999961577
960548 140.84787999835015 38.54621509750521 10.341128158569337 -1.6901629447937012 -0.0022875280000008045
960549 141.21293969866454 38.425050124420046 11.341882705688477 -2.134942626953125 0.00015751420000000848
960551 139.84894288652487 39.89113095510534 5.448551368713379 -1.0563518524169921 -0.0008362038000001348
960552 140.04473202664258 39.82580486584776 6.004525947570801 -1.2787416458129883 -0.0017751130999997145
960553 140.7328618480583 39.702675051902034 8.45081443786621 -2.290615463256836 -0.002256042999999863
960554 140.50670563416432 39.1990911271406 9.1179838180542 -2.179420566558838 -0.00200614799999812
960555 139.92750763846544 39.01596847517954 7.6724498748779295 -0.9673959732055664 -0.0018671008000012534
960556 140.36517035381573 38.496765841084226 9.78515338897705 -1.045232343673706 -0.001610933999998565
960557 140.27115462330735 38.14809415509824 8.7843994140625 -0.5782135486602783 -0.0019372809999993023
960559 140.20566625368713 37.61595187241082 8.339619636535645 0.04447803497314453 -0.0022915630000056807
960560 140.37291436260386 37.62072862335969 10.785907554626466 0.2223897933959961 -0.0009350069999982224
960561 140.13588922984493 37.42450663325628 7.783644676208496 0.3224652767181396 -0.0012240560000009281
960563 139.5861691689695 37.09724869796318 5.559746170043946 0.11119494438171387 -0.0022304060000010394
960564 139.46169569524668 38.056182112609946 6.560500907897949 -0.2001509189605713 -0.0017902229999990026
960565 138.36988819678905 38.02368674703896 4.336602210998535 0.3780627727508545 -0.0007649104999998713
960566 138.70694453003614 37.53583135067337 4.447797203063965 0.42254066467285156 -0.0008068467000001079
960567 138.51637459184425 37.348538942302596 4.225407600402832 0.6449306011199951 -0.0016168961000005311
960568 139.02025961171597 37.31987028119914 5.448551368713379 0.34470434188842775 -0.001500052000000096
960569 138.24259069919233 37.056681438719565 3.7806272506713867 0.3891822338104248 -0.0008101506999992125
960570 137.89387489828025 36.950871481933454 3.2246530532836912 0.8006034374237061 -0.0017953739999995832
960571 139.07391735558284 37.75206347040536 5.559746170043946 0.20015087127685546 -0.0008713412000005861
960572 137.36951786544032 36.73695825380793 2.6686784744262697 0.9673958778381347 -0.001606966199999249
960573 137.03190069634027 36.649561909599974 2.1127035140991213 0.9896347999572754 -0.001042063199999177
960574 137.13854694403742 37.306969825241254 3.002263069152832 1.0674712657928467 -0.0009609530000005862
960575 136.71876300934082 37.15674439994335 2.4462881088256836 0.8784398555755615 -0.0010444857999999612
960576 136.99607129160157 37.12315622580128 2.779873085021973 0.8450815677642822 -0.0004937873999992348
960577 136.7556534065873 36.817478612708506 2.44628849029541 0.9006789207458497 -0.001665797599999763
960578 136.60533561208757 36.370068966303144 1.8903135299682616 0.9117984771728516 -0.0014553840000019135
960579 136.18499348917717 35.96888721886886 1.5567289352416993 1.0674713611602784 -0.001397767800000338
960580 136.0559840924173 35.83684116254202 1.4455337524414062 0.9117983818054199 -0.0015505140000001915
960581 140.4976077983459 36.7430253236427 4.336602210998535 -0.9006788730621338 -0.0006829000000038831
960582 139.98777226958967 36.30070471171336 5.2261615753173825 -0.122314453125 -0.0012749982999991972
960583 139.93150422537659 36.11481326541726 5.226161766052246 0.033358430862426756 -0.0011161169000004634
960584 140.20244939689692 36.031338983745385 5.448551368713379 -0.4892576694488525 -0.0002294644000002677
960585 140.16476727903202 36.95230601104468 6.115720939636231 -0.12231435775756835 -0.0011177139999972497
960586 139.80575668973253 36.97958136893625 5.893331146240234 0.4114212989807129 -0.0007453699999928176
960587 139.8542649254364 36.776371356424164 5.670941352844238 0.17791194915771485 -0.0012059320000048501
960588 140.15769841951143 36.6924546873787 5.448551368713379 -0.31134581565856934 -0.0013806209999984275
960589 139.4905967803173 36.624174241841246 5.114966583251953 0.4558992385864258 -0.0010273900000129289
960590 140.1793159808924 36.54221509871234 5.448551177978516 -0.22238988876342775 -0.0006530319999995982
960591 138.59144967410907 36.61631796885896 3.669432258605957 0.8895594596862793 -0.0012909100000115358
960592 139.06664539820088 36.23467072459316 3.8918224334716798 0.8562009334564209 -0.0012189720000009175
960593 138.91242222388644 36.14275368901575 3.4470426559448244 0.7005280494689942 -0.0009864259999972091
960606 138.69038298223808 35.64951852051968 2.44628849029541 0.8895594596862793 -0.00024038500000074238
960607 139.02577795251207 35.5118682016102 2.223898506164551 1.089710283279419 -0.0009206569999946623
960608 137.98455266494668 36.23902972983557 2.44628791809082 0.8673203945159912 -0.00207966299999498
960609 137.87175225621533 36.22836934831768 1.890313720703125 1.089710283279419 -0.0013910450000025776
960610 138.4992838953744 36.28471375376022 3.224652862548828 1.1897856712341308 -0.0010390870000037467
960611 137.68262882737875 36.084663547503894 2.1127037048339843 1.1341882705688477 -3.5150000007888595e-05
960612 138.21448619390753 36.02616327443318 2.44628849029541 0.8117229461669921 -0.0008737099999962083
960613 138.5830292681076 35.97414749533707 2.335093688964844 0.8339619159698486 -0.0016684899999972913
960614 137.59827532348226 35.880003175789994 2.1127038955688477 1.1119492530822754 -0.0013167800000019269
960615 137.98389075545853 35.72629333001491 2.0015087127685547 0.8784398078918457 -0.0010799320000046465
960616 137.67639847921754 35.34373426261913 1.4455345153808594 0.8339620113372803 -0.0007256499999812149
960617 136.90427190333006 36.26146817309701 2.001508331298828 1.1230688571929932 -0.0016817619999983436
960618 137.36302196658588 36.285642757672214 2.1127035140991213 0.8895594120025635 -0.0013946909999958735
960619 137.20067042194162 35.91163470375108 1.4455345153808594 0.6782890796661377 -0.0008953640000015639
960621 138.92835610490692 35.204394830678105 1.5567291259765625 0.6782891273498535 -0.0005727410000019972
960626 138.9068945447798 35.04724339474095 1.667923927307129 1.1341882705688477 -0.0002007535000004168
960627 140.08631298402 36.10363478067774 5.2261615753173825 -0.23350934982299804 -0.0009276928000005568
960629 137.07356656745603 35.23908659391478 1.4455337524414062 0.9673959255218506 -0.0011740860000003296
960630 136.96580217969807 35.16842178731845 1.3343389511108399 0.811722993850708 -0.0014769182000009095
960633 136.69425147607242 35.050911415205874 1.2231441497802735 0.9451568603515625 -0.001266692699999794
960638 136.26474738756653 35.42035693575675 1.3343391418457031 0.8006034374237061 -0.0014671820000017987
960639 136.04120008556532 35.0857237540077 1.111949348449707 0.8339618682861328 -0.0011259270000010702
960640 135.03404906412968 35.68507800262674 1.3343389511108399 0.8784399509429932 -0.002348677499999496
960641 135.41583176156533 35.48221431706421 1.4455337524414062 0.8339620113372803 -0.0017164293000000441
960642 135.54952356428527 35.27585962303053 1.111949348449707 0.9451567649841308 -0.0017013300000002119
960643 135.7733036372818 35.05313674987733 1.1119491577148437 1.0563518047332763 -0.0015410909999999944
960645 134.67737970255413 35.62120155011682 1.3343393325805664 0.8228425502777099 -0.0021940617999987922
960646 134.72871256251705 35.461262113225004 1.3343387603759767 0.9562763214111328 -0.0009765400000006253
960647 135.02203518444662 35.23788007451829 1.4455345153808594 0.7672449588775635 -0.0009468499999996993
960648 134.77122250766683 35.162743264048515 1.4455343246459962 0.8895594596862793 -0.000651820000001635
960654 133.3396867695343 35.43601028761652 1.2231441497802735 0.9785153865814209 -0.002209217599999391
960655 134.32528022349697 35.361442567481745 1.2231443405151368 0.9340373992919921 -0.0013998049999997876
960656 133.13788892654614 35.56353463932204 1.5567289352416993 1.0674712657928467 -0.002032771100000019
960660 133.56399130757333 35.16966158724749 1.1119491577148437 1.0563518047332763 -0.0008860959999992702
960752 139.05673981172143 36.53925917412097 4.336602401733399 0.9562764167785645 -0.0010454619999904935
960753 139.26933186564477 36.00373547240954 3.5582374572753905 0.6560500144958497 -0.0013795939999994289
960754 139.18220099934842 35.88404864628805 3.224652862548828 0.9673958778381347 -0.0012043870000013612
960755 139.36597292816626 35.80080221218034 3.224652862548828 0.7450059413909912 -0.0010917079999984481
960756 140.24916240998732 35.28838329539405 3.224652862548828 0.21127033233642578 -0.0002492118999995796
960758 139.36989965441882 35.61642830726937 2.8910682678222654 0.6671695709228516 -0.001204296999998178
960759 139.6138441097783 35.160866862492924 2.112703323364258 0.9340373039245605 -0.001171807000000058
970792 141.08105849181194 42.420546604415506 1.6679241180419921 0.2891066551208496 0.00034443979999991824
970794 140.37123575585838 41.93485172704398 1.3343389511108399 0.011119461059570313 -0.000491549000000191
970795 141.45260421683423 39.849010390643244 9.562763786315918 -3.391445350646973 -0.0019314040000040222
970796 140.98847595869182 39.12700021817663 10.452322959899902 -2.7909926414489745 -0.0009589309999995521
970797 140.64565837417388 37.984404586712586 10.00754337310791 -0.30022625923156737 -0.0011335460000012176
970798 140.82291647829337 40.044970304534154 6.115721130371094 -2.5130054473876955 -0.00218336400000112
970799 140.0946472957234 38.43433964408584 8.450814247131348 -0.8006034374237061 -0.001246396000004779
970800 140.84166353387417 37.01844635489194 14.677730369567872 -3.7027910232543944 0.0009050745999999776
970801 139.4022408768104 37.036934467190434 5.559746551513672 0.7894838809967041 -0.001953610000009576
970802 138.94482297319212 36.77806112697538 4.2254070281982425 0.7005280017852783 -0.0017993079999996553
970803 140.19993289799518 38.288979597319106 8.895594024658203 -0.42254066467285156 -0.0028166689999977734
970804 139.52192543910172 35.419268708777615 2.8910682678222654 0.4558992385864258 -0.0008322015000004513
970805 139.22603795284886 37.828158754107754 6.0045263290405275 0.3558236598968506 -0.0010053311999996596
970806 138.8804488656026 37.77698969485113 5.114966773986817 0.46701865196228026 -0.0010497145999998736
970807 138.7795470433012 37.49865604315927 4.670186996459961 0.3780627727508545 -0.0009694460000005733
970809 138.45682125730488 35.67369350088284 2.112703323364258 0.8895594596862793 -0.00028042800000207537
970810 138.92028608424593 37.58973635614726 5.3373565673828125 0.3002263069152832 -0.00029332000000010795
970811 137.52878190022662 35.57509245545817 1.6679241180419921 1.0341127872467042 -0.0009502069999996366
970812 136.47030642486834 35.359730954525986 1.3343389511108399 1.045232343673706 -0.0017660120000016378
970813 138.97386891933155 35.11416698962728 1.667923927307129 0.9451569557189942 -0.0007643359999974564
970815 138.60997503009477 35.11715276417185 1.779119110107422 1.0118737697601319 -0.001654027100000377
970817 138.2099847476874 35.06697438884411 1.3343389511108399 0.9562764167785645 -0.0017509659999973338
970818 138.08168518738697 35.04488392567531 1.6679237365722657 1.0563517093658448 -0.0014201270000000932
970822 136.78882515428415 35.30083743492725 1.22314453125 0.9785153865814209 -0.0011991202000004365
970823 134.58821060926005 35.28334325001636 1.111949348449707 0.9673958778381347 -0.0015234680000048683
